0.535719
0.686615
0.198851
1.88305
2.11349
0.0790667
0.188266
0.327288
0.633354
0.291917
1.78558
0.63969
0.686298
0.944826
0.421324
0.515715
1.19226
0.24242
1.90138
0.434919
0.725912
1.81759
2.15306
0.130665
2.01333
0.25245
0.162827
0.243302
1.31085
0.573396
1.70147
0.03935
1.02258
0.363493
0.254916
0.175354
0.435371
0.995945
0.0619969
0.0641803
0.131316
0.204543
0.239213
1.38028
0.179637
1.52172
0.350749
1.17732
5.57658
2.1066
9.44314
0.572022
1.02784
0.347672
1.52538
0.110119
0.34713
0.810683
1.22457
0.706764
0.502178
0.952292
0.0836173
0.0197913
0.160301
0.213898
0.260771
0.327234
0.31782
0.0154892
1.602
0.101675
0.0391132
0.1771
0.0295346
0.0440678
0.25841
1.55916
0.418467
0.0376882
0.506328
0.343107
0.221078
0.209465
0.43848
0.361366
0.0988549
0.818836
11.2457
0.603179
0.206395
2.47117
0.0914225
0.34759
0.211281
0.702285
3.09669
0.154135
1.27296
0.0980735
0.100295
0.183704
0.759104
0.0339484
0.113604
0.851853
0.126867
0.649552
0.285748
4.84568
1.25397
4.13225
0.0715195
0.242516
0.359755
0.350402
0.967716
0.914159
0.00742708
0.0603661
0.433695
1.38986
0.629334
0.637577
0.387663
0.60597
0.884072
0.835783
1.32363
1.47673
0.318274
0.652569
0.638436
0.395932
0.160969
0.386112
0.226712
0.355615
0.437224
0.0735539
0.634406
0.0726919
1.20493
0.401217
0.112953
0.436162
0.378863
0.270922
0.0956423
0.183992
0.500275
0.63337
1.71993
0.392604
0.54335
0.652457
1.07503
0.0821182
0.486135
0.719086
0.0511497
2.35419
0.0676555
0.027641
1.51593
0.189187
0.130982
0.14928
1.89853
8.98217
0.25703
1.69532
0.0266786
0.854742
0.294262
0.16298
9.91121
0.214411
6.44185
0.147314
1.04227
0.136277
1.75617
0.690298
1.90355
0.212072
0.729225
0.371559
2.39703
1.52323
2.12546
0.150283
0.123066
0.035661
0.303425
0.00455438
1.5357
0.270415
1.0691
0.0487978
0.0686957
1.48656
0.172366
14.7637
0.229797
0.0913673
3.51837
0.0963094
3.19103
0.821726
0.564417
0.302455
0.259558
0.0515133
0.0718513
6.97272
1.02081
0.216941
0.882726
0.65313
1.52996
0.188216
0.498853
0.00669302
0.501793
0.0792896
7.57122
0.503651
1.1322
2.93252
0.581349
0.118212
1.51353
0.651917
0.550815
0.825171
0.791417
1.59746
1.92039
0.085843
2.30875
0.834317
0.211658
0.141406
0.553387
0.120098
6.06534
0.161705
0.060404
1.51293
1.7052
1.34007
0.883916
0.457138
0.0975834
0.111786
0.827746
0.387836
0.572533
1.85011
2.87241
0.118927
1.36894
0.303243
0.0215937
0.986452
0.426869
0.037908
0.897317
0.126876
0.514768
0.0736747
0.0204401
0.566309
0.00912683
0.0219633
0.668286
0.467547
0.923456
4.8375
0.905438
1.397
1.47008
0.245623
0.162295
0.0142161
0.156781
0.238852
0.234217
0.526055
1.06606
0.579141
0.813559
0.687737
1.20851
0.210551
0.0295675
0.915951
0.17302
1.04318
0.0146482
1.12743
0.687182
0.202813
0.264074
0.0432908
0.051871
1.95963
0.856326
0.881344
0.0504666
0.506986
0.104067
0.197634
0.643306
0.540243
1.18958
0.531726
0.226684
0.884302
0.228886
0.783156
2.75163
0.36353
0.358015
6.07862
0.0478702
0.146188
0.128403
0.199474
0.170174
0.161989
0.0114552
0.0244297
0.625844
0.638629
0.474798
0.430627
0.907234
1.38853
0.310645
0.651624
0.371488
0.690612
0.205222
0.889904
0.694563
0.177268
4.67716
1.52157
1.30388
0.805923
0.171046
0.863849
0.95096
0.449872
0.33906
7.12695
0.630474
0.412732
0.283035
0.658425
0.530912
0.392853
0.117765
0.0044195
0.150638
0.784976
0.0276636
0.660112
0.124914
0.0380032
1.36482
0.0793278
0.352765
0.613535
0.130615
3.50327
0.133115
0.083505
1.10966
0.00256175
0.20393
0.0473532
0.3474
0.457712
0.0667353
0.227333
0.52715
0.931017
0.10029
0.701754
2.56368
2.92413
0.41909
0.251539
0.824212
0.400968
0.145674
0.424726
0.517023
0.499546
0.38675
0.564709
0.508644
0.287666
0.870182
0.384463
0.0194934
0.112992
0.624457
3.37338
0.615588
0.764163
0.299014
2.07609
0.212861
0.0852254
0.0675714
0.167935
0.217262
0.276981
2.02669
0.145284
0.208458
0.0799324
0.190845
1.16233
0.0374543
0.989336
0.116413
18.3364
0.752896
1.03747
0.960489
0.381947
0.263506
0.516243
0.256811
0.0827681
0.00316428
0.00367136
0.753784
0.279104
0.488858
3.92514
1.4868
0.0398638
0.0358883
0.0380382
0.150336
0.866834
1.16513
4.59989
0.14625
1.93524
1.18153
4.9933
1.09263
1.49694
0.0424772
0.0371515
0.129844
1.61651
0.189113
1.74791
1.77189
0.474221
0.14847
0.731111
0.543729
0.249107
0.222023
0.312199
0.0892965
0.825958
0.991244
1.22245
0.0333609
0.0885632
0.631136
0.773158
0.475837
0.651381
0.82118
1.37463
1.09659
0.41044
0.326931
0.629405
0.2135
2.98653
0.239844
1.26572
3.07978
0.297715
0.0451886
2.36587
0.313833
0.800147
5.81632
1.5314
0.451535
2.03428
0.341311
0.350687
1.08643
0.0681296
2.45374
0.539659
0.498605
0.637718
0.0417919
6.31897
0.00849693
0.438061
0.0937143
0.624183
0.491201
0.336373
0.77353
0.704144
0.488384
0.37016
0.51575
0.177959
0.654115
0.944858
0.099853
0.278131
9.71117
0.242963
5.16697
0.00446013
0.0937813
0.0371207
0.210462
0.215309
0.0777313
0.030408
0.0406894
0.595915
0.0142402
0.392029
0.728812
0.421005
0.752133
0.306058
0.0393423
1.84442
0.576303
0.140695
0.92903
0.463426
0.19718
1.45241
0.0702969
0.0283828
0.0825624
7.45445
1.90759
0.373425
0.40556
0.646569
3.07998
0.298801
3.05235
0.671882
0.0218222
0.789719
0.637775
0.352764
0.0208994
0.89724
0.645137
0.57613
0.950349
0.447397
0.820677
0.20641
0.946951
0.0787885
1.83697
1.66763
1.431
10.3119
0.127312
0.136083
0.213601
0.178421
0.43023
0.343035
1.07425
0.134044
0.366989
0.249517
0.249004
0.280417
0.852242
0.67645
0.137407
1.31724
0.0440618
8.72543
0.376065
0.0209833
0.97225
0.394746
2.24231
1.2884
0.618537
1.72299
0.429174
0.258672
0.528044
1.17209
1.11942
0.890981
0.327241
2.33184
1.6167
0.193557
1.97904
0.964914
1.55516
0.954666
0.227876
0.315392
0.652768
0.90242
0.459389
0.302457
0.4071
1.88685
0.555949
2.57041
1.02419
0.181843
0.792008
0.0274284
5.76759
0.496815
1.21225
0.317664
0.269846
0.939003
0.189559
14.8541
0.16903
0.208203
3.63258
5.23526
0.755825
0.539274
0.289487
1.46776
0.267715
0.017733
10.2788
0.20087
0.154933
3.98195
0.562398
0.584613
0.0930811
1.71782
0.175301
0.486036
0.169905
0.550881
0.270127
3.17053
0.2101
0.148005
2.33011
0.966898
0.513198
0.720353
0.257577
0.434381
0.142991
2.00339
0.919612
0.641695
1.08622
0.191526
0.0415116
0.0985933
0.223393
0.428249
1.21911
0.152883
0.533208
1.1956
1.49408
0.225101
0.14223
0.584896
0.559741
1.44005
0.212997
0.957683
0.0550376
0.248108
0.570264
1.1782
0.638882
2.13372
0.0636389
2.01346
0.141074
0.181269
0.297192
1.26799
0.169202
0.494703
0.0702318
0.687377
0.568589
0.27417
0.06245
0.011836
0.436235
0.0478579
0.554541
0.857684
0.677227
0.796076
1.32703
0.410272
0.0494934
2.08698
0.161531
0.518043
0.147199
0.669578
0.0707228
0.0231046
4.39996
0.0882402
10.0942
0.653489
0.260998
0.276427
1.53503
1.09166
0.118917
0.0400217
0.610904
13.7195
0.596312
0.675524
0.774917
0.331435
2.57281
1.11842
0.444807
0.263172
0.407833
0.620445
0.193368
0.125947
0.569931
1.04814
1.58883
0.137186
0.246854
0.45775
0.418979
0.000896142
0.519934
0.685836
0.840439
0.816193
0.0673518
0.0594118
1.11954
1.25682
3.87756
0.191091
0.813889
2.29322
0.208401
1.70098
0.333668
0.37326
1.05859
0.233431
0.794929
0.36273
0.0301456
3.28824
0.36224
0.153397
0.375663
0.0451937
0.0257659
1.26337
0.666435
1.69789
0.561893
0.958247
0.0899724
0.0629675
0.899581
1.81134
0.811611
0.426115
0.0118858
0.620507
0.630795
0.456093
0.121423
1.24709
1.9049
0.197112
0.589156
0.0106845
2.15316
0.608104
0.377244
0.244907
0.313193
0.430448
13.7574
0.776717
1.08043
0.378755
0.371494
0.427042
0.237823
0.013
0.640033
0.0170968
2.78658
0.0693948
0.423461
0.32703
0.305928
0.509035
0.0855683
0.71274
1.08761
0.153604
0.119946
0.534049
0.324808
6.8082
0.486743
0.635735
0.792091
1.00695
0.795518
0.0683568
0.918413
0.647552
0.166429
0.122378
0.0342153
0.498517
2.25876
0.0817365
0.156486
0.0906866
0.536601
0.718642
0.240766
0.187226
0.741906
0.53967
0.0857981
0.787566
1.00147
0.915004
13.1882
1.3576
0.232189
0.491008
0.087878
0.249621
0.259354
0.0222431
0.246063
0.167044
0.39134
1.05104
1.00805
2.14979
0.309899
1.15891
0.350748
1.24532
1.59252
0.111448
0.0249004
0.28125
0.0129705
0.141552
0.616153
0.200175
0.0751356
0.198671
2.90677
0.0137405
0.915704
0.128162
0.662216
0.257124
0.641183
0.508021
0.623465
0.0209547
0.045927
1.71581
3.03688
0.502748
0.524253
0.145881
0.71435
0.000153083
1.09178
0.622313
0.0968027
7.1909
0.0748188
0.386422
1.66229
1.52288
0.623436
13.8733
2.18135
1.12088
0.555885
0.571057
0.557387
0.879483
0.643066
0.398957
0.319921
0.661378
0.639989
0.198115
0.226152
0.38303
0.921899
0.0562633
0.704813
2.8131
1.29328
0.498031
0.299843
0.0115265
0.408899
0.939476
4.6957
0.363112
0.836371
0.170615
0.333782
0.370994
1.0542
0.180756
0.142092
0.172503
0.102696
4.75577
0.280778
0.47817
0.318128
0.554658
0.0843285
3.94009
0.428711
0.320967
0.714646
0.918796
0.0397956
1.69536
0.0041261
0.073719
0.54749
1.63295
0.249809
0.249191
0.511291
0.392809
0.793341
1.02926
0.394309
0.916894
0.0401553
4.8848
0.801217
0.636492
0.639415
0.730074
1.68049
0.751403
1.24143
0.465198
0.344886
0.0383104
0.0498071
0.986425
4.77487
0.0773623
1.02983
3.14063
0.289316
0.0257766
0.04812
0.841278
1.4795
0.409413
0.733053
0.746871
0.351621
8.1934
0.599408
1.18764
0.595411
0.0281037
1.65298
0.666621
0.304557
0.538749
0.147147
0.11143
1.69824
0.68705
0.652574
0.342273
0.329412
0.548391
0.473054
0.356953
0.503833
0.606092
0.0907672
0.191812
0.750934
0.206084
6.46411
0.141292
0.645669
8.08425
0.341645
0.213582
0.408084
0.56938
0.153091
0.591669
0.196919
0.695031
0.159697
0.432163
0.0524456
0.268524
0.196961
0.0823136
0.439072
0.367285
0.0713095
0.161466
1.57723
0.0922828
0.402693
0.0465301
0.170695
0.0421298
0.345016
1.53043
0.505609
0.696825
0.6356
2.21536
0.126158
0.19274
0.124693
0.0294792
0.567051
0.727129
0.115561
0.603873
0.15405
0.331146
0.173386
0.987295
0.355312
0.05005
0.386836
0.300272
0.654354
0.59467
2.75204
1.36608
0.122985
0.0652594
0.117483
0.385442
0.0391903
0.647636
0.28237
0.35708
0.243911
1.08025
0.456387
0.0671144
0.500674
0.395524
1.29375
0.214823
0.232391
0.0934714
0.00584859
1.20962
3.99597
0.888006
7.48569
0.192119
0.873938
1.18376
0.18394
1.77188
1.66509
0.890202
0.491362
9.05116
0.191139
1.24001
0.124003
0.253474
0.497797
1.04502
0.176954
0.311804
0.0570682
1.15673
0.435422
0.29417
0.694469
0.120729
0.250209
0.315989
1.68915
0.182314
0.146944
0.308389
0.101906
0.17059
0.61859
4.35959
0.0487442
1.21244
0.425765
0.406865
0.0259889
0.107089
0.421434
0.0051975
0.106173
0.150368
4.48571
0.1878
5.35446
1.3254
0.376847
0.169389
0.425236
0.250828
0.422603
1.24056
0.239019
0.225948
0.848111
0.266375
0.138406
0.0838749
0.00396935
0.083583
0.289214
1.11643
0.69936
2.36279
0.838278
0.447517
1.1049
0.240852
7.71123
1.04625
0.275599
0.151777
0.367519
0.296891
0.188755
0.378469
0.498264
1.57404
0.989903
0.810271
0.747693
1.4457
0.712642
1.42138
0.227786
0.148033
0.127325
3.89713
0.74893
0.237476
0.0450085
0.961673
3.8951
0.551647
0.224959
0.142624
0.07322
1.7533
0.146963
0.184362
1.59683
0.444479
0.286799
0.0887167
0.257189
0.0399567
0.492882
0.326492
0.312455
0.563255
0.247123
0.0491513
1.16353
0.633868
0.232753
0.0302581
0.460857
0.0736717
0.304749
0.111113
0.369464
0.433547
0.00416032
6.22771
0.666381
0.962833
1.05219
0.531058
0.603497
2.65681
1.16836
1.11428
1.07537
0.0394775
0.173522
1.03206
0.222809
1.34572
2.00492
0.79712
1.19492
0.167149
0.249554
1.88802
0.464509
0.0837229
7.20959
0.692974
0.353068
1.24967
0.508379
0.169831
0.116841
0.309346
0.788014
0.531109
0.284359
0.0613302
0.963254
0.448175
0.00346645
0.486062
0.0386796
0.440431
0.0547941
0.107079
0.097267
0.838768
0.203442
1.56059
0.368819
1.80598
0.0936959
1.16627
1.25974
7.63558
0.56754
0.585046
0.18439
0.129979
0.231696
0.254599
0.0766768
0.886669
1.36347
1.77541
0.145908
0.510327
0.271651
0.0696438
0.43442
0.228164
0.500626
0.087366
1.09255
0.118794
0.511561
0.857497
0.331938
3.2756
0.306367
1.17047
0.637248
1.68499
0.587272
0.113016
0.0211416
0.250277
0.0222076
0.102843
0.898531
0.218683
0.107337
6.02727
0.0594524
0.68205
0.72684
0.0966728
0.316197
1.53848
0.472995
1.20831
5.98665
0.638557
0.0615624
0.713639
0.0490994
0.270652
0.00575912
0.0844645
1.25832
0.992771
0.442798
0.252998
0.397296
0.910565
0.120307
0.0141511
0.790249
0.131566
0.0604129
0.248928
7.96426
0.0677768
2.15338
1.90433
0.284298
0.513813
0.319303
0.0888566
14.2974
0.106619
0.752974
0.684814
1.09078
0.554933
0.118592
0.159897
1.35158
1.35648
0.214392
10.3054
0.133167
0.752841
0.52852
0.290881
0.414308
0.228229
0.140502
1.4906
0.323661
1.33704
1.00519
0.154503
1.80431
0.766076
0.151582
3.50701
1.39588
15.6767
0.400409
2.45514
0.195807
0.375558
0.488297
1.35845
0.42991
0.785407
0.167
1.44337
3.82386
0.650547
0.127247
0.0774417
0.0124324
1.32734
0.672261
0.830812
3.18438
0.160115
1.15446
0.931324
0.187831
1.66069
3.22608
0.458193
0.409176
0.272207
0.532199
0.0880145
1.53431
0.0223909
0.193116
0.126694
1.93405
0.435831
2.48505
0.180401
1.83807
0.522935
0.189324
0.18053
0.41211
2.23841
0.136093
0.359127
0.221151
0.450572
0.0268001
0.0284794
11.3609
0.0622194
0.370715
0.389401
0.200899
4.09267
0.387326
0.441613
1.09191
0.190699
0.0144264
1.99165
0.487017
0.209269
0.463019
0.641496
0.546613
0.0519094
0.586885
1.26818
0.571708
0.601424
0.361605
1.02435
0.258465
0.167395
0.410994
6.01085
0.598152
0.10223
0.488821
0.358833
1.49869
6.99893
5.37341
14.2258
0.738727
0.225262
0.890506
0.155603
0.395011
2.17059
0.276182
0.168896
0.532657
1.29377
0.118536
1.32467
0.515906
3.52658
0.18678
0.253816
0.948793
0.00503023
0.0707582
7.82235
0.473524
1.64779
8.31709
0.151765
0.110788
0.104367
0.606172
0.638816
0.22362
3.28517
0.216399
0.12365
2.50765
1.04434
0.391068
0.105727
0.552902
0.0836306
2.43846
0.481546
0.323008
0.207163
0.23816
0.133772
0.535202
0.703689
0.242527
4.08831
1.50662
4.47855
0.617994
2.09222
0.392483
0.562658
0.196129
0.915299
2.37002
0.0332775
0.302058
0.091411
0.809268
0.268366
1.17594
0.0131051
0.272399
0.0523662
1.07173
0.170118
0.0791233
0.182236
0.603329
0.388669
0.212935
2.76419
0.716075
5.55583
0.178836
0.201739
0.200439
1.43976
0.581203
0.0524325
0.0881291
0.314769
2.41811
0.163338
0.268147
0.56001
0.0638117
0.380565
3.14464
0.18749
1.71931
1.06451
0.0730919
3.85689
0.322403
0.0147767
0.298208
0.0488546
1.49863
0.428814
0.598208
0.539223
0.526879
0.242516
0.712025
1.21325
0.830994
0.267902
0.109613
0.480501
0.40172
0.0460836
0.352625
1.17907
0.343118
0.121811
1.1207
0.20537
0.279918
0.00524611
0.178848
2.84909
1.46638
0.261594
0.594156
0.397691
0.220165
0.156805
0.379516
6.18745
0.0112779
0.14235
0.400943
0.261431
0.16028
1.05736
0.00541725
0.268043
1.86426
3.74712
0.152752
1.79555
0.400216
0.48123
1.31503
0.769198
0.605692
0.0906313
10.4052
0.535136
2.97271
0.228951
0.580607
0.273702
0.299466
0.075404
4.71609
0.581151
0.655473
1.89983
0.722602
0.268054
0.443488
0.0253984
0.141977
5.41133
0.44546
2.27249
2.27847
0.453224
3.10713
1.31431
0.0569084
0.685844
3.16599
0.399345
0.0179101
0.227121
1.26996
0.593741
0.421116
0.192232
1.19346
0.54426
0.493906
0.0409371
0.513275
1.24549
0.00617043
1.2946
0.409229
0.044712
0.493089
0.0566395
7.43204
3.21258
0.000995998
0.385232
0.172955
0.0216514
1.07707
0.180617
13.0291
0.232754
0.191253
0.587533
1.06507
2.91484
0.495004
0.665378
0.751517
0.657513
0.883522
0.0118874
0.765149
0.404118
0.0476354
0.925179
12.2236
1.01952
0.043855
0.68117
0.252112
1.22115
2.65042
1.46021
2.46994
0.231501
0.227706
0.151581
0.953906
1.08571
0.0460169
0.257559
0.16527
0.91439
0.0817673
0.169014
0.0396014
1.01623
0.0133202
0.0825967
0.202036
1.07756
0.487017
1.14708
0.196553
10.9463
0.955517
4.44879
0.203372
0.297283
0.12441
1.05311
0.0937687
0.297163
3.36362
0.418837
0.485214
1.04033
1.10109
1.56927
0.0021508
0.0196534
0.394772
0.294076
0.085424
0.168732
1.08362
0.386768
0.714897
0.0790584
0.455769
0.401698
0.27408
0.805912
4.19793
1.09809
1.05982
0.48317
0.163282
0.140214
1.12163
2.00368
0.899408
0.518973
0.371723
0.0782202
1.47139
0.0558928
0.519746
0.00169371
2.36113
1.23699
0.87302
0.817809
0.147416
0.380017
0.497651
0.226931
0.078291
0.170141
0.156227
0.225021
0.580988
1.32622
0.397145
0.332338
0.428371
1.44066
0.919734
0.104513
0.166463
0.651655
0.389326
1.72423
0.0998056
0.796979
0.545766
0.295714
0.24969
0.111526
0.0755033
0.0923732
0.644317
3.66992
3.99485
0.0553281
0.503687
0.306465
0.175432
0.00963549
0.103521
0.0442135
0.525843
1.26438
0.349369
0.790471
0.36063
0.130046
1.13312
2.2368
2.20328
1.37252
1.01824
0.262557
5.87566
0.282894
0.019026
0.793469
0.911575
2.42092
0.343857
0.0823424
1.82027
0.775294
0.908208
0.450392
34.4075
0.537275
2.13857
0.11139
1.09762
0.363266
0.182325
0.11235
0.385638
0.171877
1.73323
1.51728
0.315208
0.351231
0.51452
0.28658
0.841811
0.204916
0.93949
0.0159145
0.945086
0.403558
0.801646
0.0951521
1.80009
0.598256
0.378081
0.609411
0.349235
0.738423
0.256183
0.794008
0.463794
8.61902
0.132537
0.133001
2.44801
0.83982
0.619746
7.88282
0.0840501
0.359195
0.475251
1.26262
0.0312329
0.589019
1.01761
0.00251254
2.12511
2.12801
0.159316
0.339672
0.0713574
0.0688493
0.846967
0.194509
0.766033
0.14738
2.21011
0.284812
0.162295
0.195027
0.133565
0.750948
0.882448
0.927326
0.593889
0.775355
0.140569
0.229286
0.820494
0.339704
1.42532
0.104114
0.373981
0.152684
0.889069
7.33749
0.746035
0.920375
0.244549
0.458791
13.8004
0.0650648
0.206474
0.272109
0.386018
2.00178
0.0423357
1.66472
1.01158
0.287264
0.896549
0.0491772
0.71337
1.06414
1.4302
0.480359
0.551695
0.657317
1.58505
0.708623
3.98538
0.251692
0.438838
0.338093
1.08447
0.210571
0.166276
1.15719
1.41841
1.39234
0.161449
0.598934
0.713957
0.00412525
0.412395
0.243461
1.23593
2.03012
0.134952
0.301032
0.182008
0.181246
0.446882
1.23023
0.538175
0.0922279
0.115513
1.02272
1.2066
1.57753
0.145719
0.813004
0.303152
0.656303
1.1725
0.289033
8.62075
0.300675
0.134444
1.53984
5.18377
0.385228
7.10028
0.287864
2.27757
1.08947
0.0563237
0.409741
0.136585
0.414322
0.394115
0.475657
0.276687
0.22011
0.491637
1.51132
1.58168
0.876788
5.2956
0.378384
0.364951
0.311176
6.08432
0.439056
0.193708
0.190197
0.49062
0.0111271
0.0820668
1.1108
0.49652
0.489298
0.423842
0.0250978
0.319187
0.209841
0.227236
0.470652
0.206199
0.104451
0.0537101
0.249703
0.822637
0.256087
0.107452
0.719603
1.59397
0.595299
0.395049
6.72419
0.0809277
0.0135055
0.0882248
0.169886
0.699114
0.143719
1.55216
0.75201
0.266598
0.790544
0.0105921
0.316089
0.0881547
3.63926
0.0990082
0.930861
1.38955
0.723177
1.55522
2.75271
0.06565
0.00434918
0.994742
0.641682
0.0918372
0.264094
0.511278
1.22137
2.30974
0.897864
1.81658
2.01036
0.000803799
0.124539
1.62945
0.0863589
0.0458275
0.487018
6.21603
0.246353
0.995719
0.378352
0.0565626
0.118629
0.525597
0.373925
0.625699
0.304756
0.286945
0.713177
0.160622
1.53299
1.40203
0.985596
6.05464
0.162823
0.330354
0.862524
2.58773
0.527616
0.396171
0.0444315
0.742437
0.642352
0.236247
0.739533
0.773983
0.433199
0.613582
0.0528601
0.146589
1.75862
0.0221132
0.434449
0.592119
0.446665
0.0271267
0.704144
0.145859
0.913204
0.35429
0.567796
0.705338
1.69384
1.98061
1.68688
0.408363
0.211453
0.444819
0.926026
0.885299
0.246601
0.522141
0.207124
0.436032
3.07084
0.0451538
0.106127
0.621076
0.234068
0.582477
0.186902
0.0729905
0.522345
0.201562
2.73826
0.932859
0.198737
0.312679
0.6374
0.055772
0.498575
0.76888
0.728457
0.261475
1.21339
1.80196
1.31228
0.0479542
0.905061
0.466696
0.437941
0.0472404
0.342608
0.141323
0.586163
0.316885
1.50749
0.246664
1.42438
1.3019
0.239088
0.944035
2.37613
0.0674736
0.449538
0.922987
3.60102
1.37147
5.04023
0.169112
1.11824
1.4424
0.135127
0.519421
0.3106
1.87095
0.823816
0.212208
0.99384
0.527079
0.434107
0.150435
0.161514
0.141686
0.601099
0.305206
0.530869
0.88864
0.0810109
1.03795
0.800198
0.29374
0.156186
0.272266
1.02512
0.0361365
0.0642799
0.434836
0.0357831
0.323647
0.147497
0.028493
0.0790468
0.188841
0.852736
0.0834688
8.56438
0.0958842
0.402161
0.000285125
0.391503
0.566043
0.100158
0.925981
0.835137
0.10915
0.150353
0.142864
2.10032
0.200573
0.640533
1.85857
1.04331
0.191844
1.36815
0.337447
0.085654
4.14742
2.2231
0.419194
0.56692
0.345979
0.358859
0.152573
2.18604
1.30402
7.275
4.42377
0.181074
0.379195
4.96086
0.515186
0.662132
0.219952
0.227767
0.0709625
0.166647
3.64355
0.741401
1.75581
0.0698959
1.16186
1.15756
0.392492
2.85837
1.76875
6.0987
0.619802
2.08095
1.82893
0.26153
13.8016
0.952216
0.418834
0.599539
0.319193
0.119981
0.0282129
0.249647
0.11957
0.416196
0.120514
2.02579
0.41453
0.51845
9.21542
8.85396
0.223836
0.967514
0.363087
0.219529
0.678677
0.222095
0.95851
1.58843
0.141705
0.29085
3.58209
0.290576
1.53518
0.61985
0.202802
5.78167
0.345611
0.30781
0.894116
0.808856
9.77601
0.466452
0.670018
0.0581218
1.42588
0.933917
1.21459
0.487225
1.10629
0.930754
0.0328895
0.714427
0.0380242
0.0811453
0.900193
0.00556793
0.313802
0.0204434
0.0255678
0.949398
0.214678
0.298422
0.892997
0.949383
0.0553321
1.73259
0.541618
0.327627
0.147098
3.62391
1.48954
0.81179
0.11398
0.771126
0.102488
0.623905
0.293372
1.08156
0.14453
1.13868
1.06096
0.833268
1.28676
1.17848
1.18952
0.024779
0.174167
0.232732
0.131929
2.67779
0.0224822
0.450289
0.862496
2.06957
0.300845
1.8428
2.21256
0.617537
0.661296
3.39544
0.123371
0.574931
1.48783
0.13309
0.0385584
0.586679
0.230135
2.41795
2.01354
0.728905
0.0353248
0.19184
3.62506
0.20626
0.43505
0.452086
0.508066
2.19607
0.268072
0.561026
1.20735
0.117894
1.49838
0.401769
1.92662
0.758836
0.489607
0.121219
0.00877432
0.0323306
0.510823
0.065036
0.0708061
1.06648
1.78013
8.87809
0.321925
0.106034
2.34281
1.18613
0.288797
0.149307
0.0960848
12.7106
0.559137
0.508759
0.315999
0.287092
0.476239
0.0230295
0.587811
0.168208
0.706996
1.55682
0.339293
1.05442
3.4627
0.19826
0.392488
0.108553
1.72957
0.169482
0.196609
0.259236
1.49398
5.13173
1.42462
1.1703
0.242956
0.0480254
0.537833
0.140331
0.250999
1.2207
0.0813699
0.303001
0.788833
3.46984
0.451916
0.191666
0.218645
0.0672655
0.0413928
0.692456
0.0373279
2.57784
0.914553
0.512025
0.350477
0.310623
0.57354
1.3923
0.870395
0.39154
0.0692929
1.3848
0.218232
3.14247
0.156252
2.29095
0.823584
0.593354
0.58048
0.119145
0.652341
0.958161
1.28148
0.261978
0.142886
1.10504
3.76337
1.97507
8.03481
0.188189
0.364309
1.58179
0.535744
0.690388
0.471044
0.364602
1.70661
0.568517
0.187137
0.519383
0.860362
0.351633
0.483657
0.620732
0.629899
7.51305e-05
2.22484
1.23895
0.761534
0.298989
0.868265
0.782957
22.2967
0.93325
1.30541
0.693529
1.34347
0.994173
1.32509
0.149553
1.36594
0.463845
0.448986
0.236876
0.26076
1.90566
0.528052
0.503977
1.05826
1.02704
0.601368
1.62357
0.805996
0.160804
1.0678
0.170051
9.39772
0.122773
0.131847
1.15223
1.57996
0.420165
0.0990709
0.516948
1.63435
0.212918
0.646465
0.35025
1.5918
0.327894
0.100818
0.0245883
9.56281
0.0214165
1.02446
0.774322
0.24182
0.0504856
0.166872
0.57572
0.225985
0.142969
0.178376
0.0608149
0.400748
0.404295
0.395718
0.0807475
0.0977112
5.44487
0.127581
0.610696
0.666172
1.55439
0.165879
1.94866
0.226053
0.574234
1.00017
0.234719
0.293017
0.430713
0.0187924
0.0148408
1.29989
0.109296
0.397057
0.170254
0.157714
0.23466
0.595339
0.102152
0.616856
0.198108
0.791109
0.166457
1.74793
1.4488
0.70546
2.35558
0.304344
10.0694
0.929635
0.488493
0.443275
1.29954
0.426344
0.0459028
0.350687
0.980029
4.96982
0.0206285
0.180397
0.836624
0.863767
0.989934
0.596337
1.18211
1.15183
0.881609
0.816375
1.96999
0.174441
1.37284
0.262429
1.28624
0.300289
0.683749
0.666148
0.566833
0.00297839
0.0556746
0.171899
1.73746
0.535289
0.256135
0.353541
0.476688
0.305327
0.0169637
0.492125
0.558421
1.83728
0.342734
0.103371
1.45063
1.31887
0.238997
0.0213981
0.077932
0.00720337
0.467673
0.435664
0.544442
1.69145
0.90021
0.719927
2.67216
0.262218
0.120315
1.25874
0.153867
0.705993
0.0327423
0.108524
0.278067
0.660741
7.40717
1.92267
1.66834
3.28656
0.0460103
0.415196
0.886776
0.296339
0.993841
0.440367
0.323394
1.32543
0.124399
0.150205
0.192284
2.70242
0.0571182
0.264385
0.116186
1.55235
0.043122
3.54721
0.309525
4.85662
5.93974
2.53882
0.13084
0.0769074
0.549032
0.136398
0.991661
0.23032
0.278028
0.275414
0.304347
0.184923
1.20095
0.841722
0.297643
0.210948
3.9805
0.303978
0.947328
0.966417
0.451321
0.082033
0.953479
1.40923
0.311247
1.44787
6.33418
0.703815
0.495689
0.185424
0.0932807
1.99593
1.23122
10.2834
0.246128
0.357981
2.25058
0.806991
0.234289
0.387124
1.2665
0.547685
0.901496
0.184925
0.761724
0.210419
0.34763
0.0150965
0.469716
0.0471718
1.32321
0.153826
0.615141
1.70607
0.0451221
0.475668
0.0808054
1.30552
0.00695725
1.24704
0.802827
0.198223
0.69207
0.379277
4.73011
0.849262
5.53811
0.434688
0.626658
5.86298
0.0428671
0.150498
1.28136
0.14674
2.06254
0.120886
0.740696
0.518464
0.93323
0.00740973
0.102868
5.3579
2.29618
7.5303
0.0664482
0.402965
0.596864
0.0649227
0.506075
0.852065
0.252592
0.559013
0.307697
0.41794
0.315385
0.713417
0.0185703
0.85034
0.469159
0.285836
0.541594
0.163027
0.752385
1.34251
0.84129
0.252352
0.652145
1.17653
0.728001
0.72579
0.642081
0.147982
0.600457
0.276656
0.176644
0.359135
0.353243
1.43012
0.241178
1.35085
1.96369
0.00687786
6.51392
1.23006
0.616577
0.852525
1.27841
0.155298
1.45456
5.87905
0.751045
0.594865
0.0804918
1.15715
0.267073
0.0300942
12.1537
0.608432
5.33706
6.75079
1.35032
0.212121
0.0561957
0.519104
0.462638
0.0871808
0.814947
5.67504
0.788688
2.29143
1.04445
0.474467
0.791852
0.105676
16.2287
1.20276
0.468916
0.0557796
0.0919422
0.508598
4.25733
0.0684655
0.506632
1.48839
1.50429
0.189723
0.00431647
0.35408
0.338835
3.50615
0.56727
0.441421
0.189503
0.343471
0.0681692
1.71782
3.28435
0.258467
0.432902
1.14731
0.831934
0.314285
0.416811
0.922894
0.88136
1.30957
0.682618
0.866104
7.00335
0.0311148
0.101847
1.09438
0.596162
0.163029
0.520533
1.03253
0.673584
0.584621
0.0867613
1.0891
0.232892
0.0363617
0.712996
2.29295
0.0303763
0.280788
0.0192029
0.430025
0.577243
0.902824
0.0315492
0.118132
0.197301
1.05079
0.0377131
0.25875
0.25921
0.960772
0.240199
0.581683
0.369841
0.691436
1.25567
0.627152
0.183911
0.489541
0.144781
1.21877
0.573946
0.333902
0.458186
0.420533
0.682848
0.19634
0.198545
0.0112585
0.161765
2.19879
0.95563
0.676734
1.60243
1.16745
0.125073
0.407028
0.0855568
0.0799527
0.336652
6.87048
0.308568
0.434002
0.143725
0.41477
1.18011
0.0500409
0.19474
0.850152
2.3538
0.456778
1.18212
0.108611
0.0904879
0.0900156
0.482204
0.176333
0.355552
3.90683
0.645107
0.345609
1.87962
0.882626
0.781199
1.06134
0.265482
0.220763
0.0520708
0.194179
0.0587137
0.0808493
0.358634
0.245398
0.280264
0.0527297
0.368384
0.169469
0.0736464
0.366577
1.6545
0.886502
0.207944
0.437164
0.0724605
0.13232
0.9913
0.363962
3.82053
10.9841
0.0753656
7.59252
0.713124
0.810472
0.582582
0.168725
0.0816085
8.28775
0.365714
0.0662395
1.44786
1.48957
0.0155418
0.149134
0.164896
0.83935
0.571084
0.140885
0.283985
0.191541
0.222761
0.230462
0.177125
0.163781
0.502942
0.0317468
0.989546
3.8346
1.2961
0.254742
1.46241
0.144009
0.117376
0.990008
0.327395
0.3595
0.264955
0.653822
0.0416901
0.561977
0.386553
0.190387
0.822543
0.444464
0.0698701
0.283003
0.66187
0.474905
0.462777
12.6211
5.33086
1.38097
0.604332
0.239711
0.277051
0.0113851
10.4675
0.583378
3.74238
0.526413
0.321469
0.23873
1.25662
0.877803
0.665829
2.4599
0.250476
0.62916
0.148333
0.385021
0.0988287
0.346168
0.670058
0.236634
0.378114
0.672114
0.724001
0.0715596
0.487734
15.1158
1.11625
1.05373
1.32808
0.412258
0.305879
0.215051
0.0981095
1.23682
0.201555
0.138002
0.30777
8.86487
0.931146
0.614297
0.907657
1.24166
0.34626
0.0641247
0.466201
1.68384
0.418323
1.01833
0.320971
0.0772161
1.12713
0.258703
0.324223
0.1019
0.25004
2.33579
0.139349
1.05253
1.52478
0.339481
2.74567
0.100012
0.299086
0.175056
1.58999
0.271385
0.201283
1.5451
1.15842
1.30918
0.40806
1.10016
0.2137
0.237401
1.42402
1.39541
0.72213
0.538756
1.00054
0.478932
0.411221
0.0091863
0.619482
0.371527
2.35664
0.534141
0.153399
4.3288
5.94653
0.210591
0.704455
0.245044
0.406416
0.528885
0.613676
0.0383603
1.35822
2.7187
0.127534
0.429011
0.0836738
0.640457
0.130708
0.432506
0.191982
0.187303
0.35187
0.0576558
0.737368
0.578726
3.41486
0.247456
2.98247
7.52084
0.407213
0.97876
0.374643
0.618937
0.197353
1.12989
0.00250858
0.0484705
0.634183
0.859183
0.292916
0.778078
0.104458
0.817903
0.499772
0.367112
2.58891
0.0606698
0.497383
1.11032
0.0473287
0.308255
0.564753
1.06427
0.133405
0.136433
0.0709515
0.312
0.186211
1.03037
0.222925
1.5813
0.325236
0.179134
0.198507
1.69505
0.696497
3.09218
0.654458
0.59068
1.40746
6.58529
0.0691569
0.09391
0.163756
9.49616
2.09651
0.529963
0.189598
0.442614
0.29009
0.0427868
1.2542
1.0078
0.432637
0.196942
0.140873
0.0303133
2.53326
0.0983181
0.281604
1.04023
0.72941
2.8503
2.15384
1.06873
2.13538
0.053363
1.67427
0.309366
0.314414
0.427502
0.818016
0.249704
0.109088
0.0318921
0.213002
4.51222
0.794371
0.326416
0.0155233
0.311241
1.42824
0.173451
0.315685
0.855182
0.522823
0.224953
0.726684
0.993415
0.288913
1.19757
0.083892
1.47893
4.1145
0.875434
4.88136
0.3212
0.0249767
1.3128
0.956959
1.28739
0.592083
0.559844
0.41334
0.404834
0.589923
0.841755
0.0906683
1.15144
0.444526
1.33991
0.872598
0.245178
0.484799
0.0832671
0.0578349
3.87851
0.137807
1.10838
0.034778
3.0456
0.116663
0.429851
0.0266681
0.682034
0.481856
0.682933
0.269814
0.121336
1.7365
0.344037
0.702309
1.38647
0.63229
0.306289
3.70654
0.453996
0.663559
1.10224
1.62974
0.556368
1.29042
0.915364
0.413883
0.227747
1.45245
0.264265
0.601973
0.0466763
0.542645
0.0480882
0.468724
0.179765
1.24632
0.146997
0.283742
0.979335
0.699903
1.8658
0.652196
9.71847
0.00649672
9.65881
1.30599
6.41494
0.879126
0.177124
0.205813
0.328309
0.683897
1.0774
0.83442
1.47505
11.3324
0.0989746
0.572615
0.0517755
1.09697
0.518339
0.300887
0.229365
0.189032
8.5261
0.827778
0.173515
0.548834
8.12786
0.254829
0.276386
0.711901
1.16912
0.335063
0.260446
0.0626952
0.939949
0.026393
0.188032
0.196685
1.60219
0.286405
1.34925
0.043114
0.158423
0.315885
0.402872
0.22188
0.804819
1.8519
10.8597
0.106513
3.94853
1.20157
0.00419793
3.06366
0.37439
0.220873
0.335669
0.580504
0.534876
0.1029
0.00256999
0.250253
0.0335283
0.593478
0.360231
1.25616
0.977727
1.47523
0.304639
1.58391
0.0428111
0.124682
0.837198
0.253732
0.0110842
0.0507815
2.38446
1.07961
0.528848
0.297792
0.79574
1.60864
1.05347
0.0909273
0.81706
0.500598
0.260282
0.262359
0.137612
0.636738
0.88638
0.0542383
0.0442965
0.347208
0.0745299
0.686632
0.0415436
0.701917
0.189695
1.01366
0.142375
0.0461668
0.00447483
0.191055
0.051657
0.547403
0.190745
0.0553839
1.4436
10.147
2.08871
0.292445
0.124682
1.52032
0.966579
0.340872
0.0146387
4.77715
6.93211
0.518274
0.524281
0.131754
0.673316
1.33973
4.45107
0.397413
0.199497
0.465233
1.23982
0.0379818
0.105077
0.0312041
1.36206
0.280774
8.12011
0.807765
0.487684
0.458351
0.183827
0.177825
0.253061
0.139856
1.59448
0.108188
1.76858
0.21406
3.75374
2.71664
0.337475
0.604881
0.395698
0.6674
0.0507921
0.161717
0.565501
0.66022
0.359226
1.59334
0.235479
0.129642
4.27709
0.409723
0.69159
0.302845
1.04348
2.27859
2.35305
0.963939
0.026716
0.222493
0.169623
0.377674
1.56661
0.404104
2.57357
0.634039
0.135335
0.453808
6.7104
0.793817
3.84445
0.0583085
0.195131
0.435551
0.299627
0.811603
0.787554
9.28785
0.495613
0.144351
0.252522
0.0176013
2.05152
1.10597
0.70621
1.10174
4.9293
1.7266
0.217965
0.549549
0.206047
3.00099
0.26712
0.0429859
0.123383
0.405382
0.195346
1.74969
0.535872
0.251967
0.443857
0.575203
1.03284
0.59364
2.24424
0.736359
1.70239
29.5593
0.219427
0.0128411
0.887731
1.52014
0.182892
0.0733342
0.846242
0.127737
3.20512
0.123695
2.7035
1.61806
0.277449
0.0307719
0.444769
0.36219
0.171055
0.187496
0.675588
0.218331
0.00635058
0.297698
0.16669
0.194999
9.64067
0.98541
0.465732
0.360095
7.19402
0.586874
0.327325
2.48289
7.69507
0.843128
0.324041
0.0193689
0.195786
1.87126
0.276333
0.817859
1.2443
0.141053
0.500643
0.591881
0.100191
1.53556
0.569659
0.336809
1.86641
0.327286
0.0899612
0.446951
0.553501
0.00626326
0.279319
0.126136
0.354767
0.62374
0.419081
0.0521862
0.409875
0.0917444
7.67352
0.684398
0.349163
1.30335
0.0956693
0.339232
0.423909
0.0817552
0.0797801
1.08625
2.85848
0.815192
0.343779
1.38375
0.209774
3.00184
0.046608
0.334295
1.95625
0.890278
0.137931
0.693036
0.579016
0.275531
13.0155
1.44655
0.693508
0.881726
6.72818
0.388235
0.439259
1.60119
0.247156
0.147749
11.8643
4.34876
0.777611
0.0854586
0.237654
1.99679
1.03162
0.130368
0.322075
0.770836
0.15895
1.12198
1.97757
0.325196
0.648419
0.330774
0.214875
0.364225
0.180345
0.483704
10.4708
0.141266
0.212642
1.38618
8.62699
0.100478
0.466277
3.46874
0.0539994
0.880888
0.686728
0.314312
0.426552
0.760444
0.0849552
0.125574
0.999262
0.0495549
0.0758545
0.128276
0.179205
0.628957
0.0340243
1.39246
0.190042
1.34844
0.340173
0.000518601
0.233828
0.72269
0.89859
0.0825485
1.37645
0.388613
0.239919
0.338259
0.713868
0.317941
0.809327
0.219701
0.491123
0.875463
0.069241
0.369213
0.29632
0.584644
0.286536
10.1275
0.610861
1.69549
0.0699779
0.680019
0.326372
0.0766944
0.258041
0.622176
0.717912
0.00869855
0.159783
0.412537
1.0768
0.513046
0.26466
2.21162
0.454597
0.385396
0.614503
1.56833
0.438745
0.155843
0.166642
0.967287
0.522514
0.441637
0.777146
0.160082
1.95957
0.463638
0.0517277
0.115387
0.96882
0.0713154
1.07525
0.0663561
1.9577
0.265042
1.87127
0.212975
0.345636
0.439757
1.10055
0.384302
1.52056
0.257258
11.6628
0.38414
0.353525
0.319458
0.59901
0.287566
0.218128
0.414016
0.256749
0.52965
0.187574
0.0770063
0.491741
0.417573
0.0444896
0.00488229
0.172525
0.387851
0.124209
0.0387866
1.00625
0.444932
0.516279
1.42939
0.27619
0.0168166
0.498838
0.33614
3.55419
0.0725992
1.51434
0.308808
2.19667
1.90144
0.380304
0.551273
0.16068
0.581799
0.144021
12.3793
0.140413
6.5694
0.769537
1.01141
0.0907531
0.283172
0.738636
0.504781
0.770772
0.667628
0.0186046
1.07199
1.12743
0.235043
0.0879046
0.502265
0.235697
1.02426
0.45502
0.0604371
0.632969
0.67005
0.0834055
0.365108
0.138557
1.45251
1.12871
0.645327
0.054642
0.0725092
0.100737
0.0953028
0.437076
0.1448
1.60388
0.34601
0.490017
0.273333
0.0468349
0.0213904
1.44661
0.0331217
10.8898
0.467605
0.510112
0.758069
1.14614
0.0640615
0.720262
1.22915
0.0588927
0.132062
10.207
0.0615104
1.08548
0.0145013
0.00759433
0.226145
0.289059
0.0501097
1.17124
0.545681
0.166853
0.67352
0.444064
0.680081
1.87617
5.26062
0.359375
0.25617
3.1029
3.49863
0.974146
1.15582
1.94419
0.121245
0.258068
0.562988
0.505066
0.562571
0.599535
0.63629
0.0335919
0.2094
2.36208
0.862022
0.693279
0.0738283
0.728014
0.530703
0.33972
0.185565
0.425316
0.686833
0.072682
0.345972
0.98987
1.6663
0.416027
0.357219
1.60829
6.63117
0.24942
0.567175
0.778077
1.19468
0.259649
0.749058
0.713513
1.3001
0.618349
10.3248
0.429342
12.5886
0.0441922
0.0636552
2.07708
0.00258201
0.36439
5.04794
0.261719
0.154223
0.824716
0.897285
0.845571
4.70628
0.630849
0.442525
1.06327
0.0467731
1.00254
0.141848
0.833626
0.237095
1.34806
0.33934
1.35912
0.720951
0.851371
0.372839
0.833312
0.131497
1.00124
0.531671
3.82138
1.31083
0.489244
0.215301
0.84621
0.886789
0.0428989
1.66017
0.616945
0.233725
0.399975
0.157337
0.317555
0.247897
0.0373055
1.50871
0.464383
0.10298
0.544955
0.318746
0.215203
0.0918293
0.0253627
0.327596
0.17568
0.199805
0.00685458
0.0664699
1.57131
1.17964
1.17772
0.397262
0.711729
0.0293716
0.270027
0.643397
0.152267
2.64323
0.228191
0.110561
0.740596
0.767641
0.063651
0.140495
0.636878
0.0204583
0.341854
0.613377
0.842777
0.375337
1.33105
0.501298
0.226849
0.223392
1.15071
0.0224923
0.586117
0.67409
0.293701
0.0838881
0.238383
0.239587
0.139321
0.398048
0.161782
0.136649
1.88621
0.977619
0.314121
0.0633191
0.14183
0.147365
0.341009
0.037795
0.34445
0.377747
0.611764
1.06493
0.629199
0.181861
0.357526
1.15284
0.187167
0.219605
1.13862
1.56303
1.05961
0.103957
1.02417
1.05573
0.444975
1.55639
0.286611
0.0377502
0.219125
0.514015
1.37744
1.09177
0.521466
0.265349
1.04477
1.55109
0.801371
0.731808
0.592388
0.681951
0.0305032
0.196217
0.0595601
0.27485
0.291146
0.70809
0.0295687
0.0935884
0.362075
3.55369
1.00081
1.96389
0.973914
0.246421
0.960239
0.690314
0.183334
1.47578
15.0557
3.88731
2.69419
0.182585
0.0324695
0.142193
0.587079
0.444958
0.526936
0.557568
0.153517
0.299861
2.20963
9.66063
0.528397
0.543138
0.391304
0.610632
0.315158
0.290372
0.0394882
0.415927
0.679592
1.50864
1.08458
0.158013
0.294221
1.32448
0.327993
1.15358
1.71054
0.163294
3.26826
0.411602
2.90744
0.046166
2.35022
1.10601
0.432859
0.245858
0.202468
0.87248
0.0498074
0.977717
6.83938
0.0593702
2.2332
0.130643
0.2012
0.0382666
0.152734
5.98042
0.0222336
0.0176821
0.33011
0.889214
0.143662
0.0837185
1.1354
0.113524
1.37024
0.13993
0.290687
0.213807
1.86976
0.303434
1.98054
7.90512
0.945607
0.243204
3.00888
1.39706
0.481464
0.910572
0.216397
1.23656
0.618135
1.0077
0.0865569
0.639775
0.00368815
0.035408
0.515782
1.09136
0.0583741
0.203426
6.72597
0.527056
2.54791
0.172897
0.121631
2.83386
0.0846475
0.534185
0.64377
1.0073
0.213611
0.532405
0.0344153
0.226143
0.229101
1.74814
0.658303
0.100365
0.666912
0.537747
0.589836
0.321678
2.13933
1.53821
4.27906
0.665949
0.181267
0.349793
0.114519
0.183994
0.653623
0.0357759
0.0966901
0.298035
1.13637
0.257817
0.407257
1.79307
0.315863
0.666336
0.470098
0.140438
3.73801
1.1076
1.91565
0.276815
0.643269
0.783754
0.21453
0.280744
1.48656
1.53641
0.55897
0.045661
0.154589
0.241968
0.448337
0.191941
0.799652
0.30828
0.737745
1.3927
0.332933
0.00505674
2.3781
0.203489
0.243401
0.443197
0.111425
0.0771017
0.678595
0.0268193
0.367239
3.94022
1.71758
0.0472014
0.306793
1.49435
0.517541
1.02113
0.021844
0.445334
0.602413
0.571342
1.55507
0.817091
0.18399
0.360315
1.14269
3.5713
1.6638
0.791168
0.270235
0.138948
1.73041
21.4023
0.490003
2.03682
0.017966
0.98397
0.0143228
0.644454
0.261158
0.0316037
0.444911
0.148182
0.654735
0.440321
0.403739
1.11195
0.0937495
0.783448
0.456168
0.237737
0.327836
0.255421
0.206558
0.280214
1.6622
0.0436337
0.550653
0.077161
0.0552696
0.803905
0.0583066
0.155798
1.04878
0.435091
0.226763
1.25757
0.88058
0.409612
0.152677
1.12168
0.140113
0.420002
0.977223
0.263653
0.255185
0.138827
0.0313858
0.215104
0.280437
0.0786207
0.114152
0.134704
1.6713
0.0155388
0.435284
5.13329
0.464752
0.432776
0.307711
0.550776
0.0169053
0.848301
0.579122
0.22718
0.183711
2.27518
1.81786
0.349562
0.725166
2.15189
0.165786
0.491037
0.236951
0.12402
0.103699
0.512723
0.427347
0.558514
13.7839
0.713115
1.51644
13.0953
0.751456
0.464349
0.000448239
2.57055
0.00487714
0.930741
1.0426
1.19894
1.33818
0.67421
2.26955
2.64889
0.307193
0.181794
0.548024
0.152669
0.198459
5.89278
0.621614
1.35938
0.115257
0.645127
0.178438
0.983743
0.100268
1.06132
0.159584
0.860317
7.64652
0.380716
0.483364
1.143
0.0712078
0.140691
1.55169
0.986041
2.83853
0.0799956
0.066553
0.0550899
1.37336
0.193482
0.571827
0.810422
0.466101
0.378844
0.286621
0.949686
0.451831
0.225609
0.0506694
0.0530673
0.614582
1.2398
0.499096
2.13229
0.105257
0.0595744
0.011309
1.38706
0.865395
0.531819
1.43832
0.512175
1.26198
0.685799
0.240519
0.155974
1.56742
0.394082
0.458367
0.292784
0.238391
0.12219
0.718534
1.92839
0.3837
0.358453
1.36928
0.0548312
0.448137
0.140171
3.2222
0.755235
0.0204547
1.96625
0.596418
0.0294541
2.12567
0.216935
1.1854
0.530634
0.710115
0.310494
0.10161
0.386773
0.252558
0.549341
0.675557
0.0549866
0.114851
6.15482
0.489638
0.68326
0.364939
1.00162
0.0889216
0.511592
0.0354084
0.600501
1.27159
3.89019
0.0883579
0.39264
0.111785
1.08762
0.372491
0.893082
2.1955
0.335763
0.70193
0.425377
0.511364
0.237662
0.0708452
0.00985231
0.34917
0.380199
0.143555
3.58997
0.826839
2.25066
0.263219
0.217397
0.350783
0.837644
10.3462
0.0583562
0.511093
0.662776
1.57795
0.273839
1.21758
0.179212
0.290875
0.0378572
3.36774
1.70982
0.976416
5.65582
0.635803
0.0796878
0.300236
4.40849
0.543403
0.952188
28.8358
0.8119
0.412779
8.97872
1.12189
0.412825
0.0199915
0.0438383
0.0412323
0.391691
0.545346
0.260488
1.1692
0.511604
0.635715
0.368436
0.603934
0.094202
7.58281
0.429811
0.999931
0.302988
1.57594
0.420712
0.133054
1.32867
0.409685
0.75878
9.88286
0.553113
0.291164
0.165903
0.209623
0.13453
0.0302325
0.10509
0.765069
0.473807
0.148527
1.09434
0.372853
0.747966
0.495932
1.19301
0.0413571
1.28851
0.425262
2.30677
2.49627
2.72109
0.0639244
0.679308
0.734656
2.82432
0.814672
0.347656
0.68988
0.0143052
0.0759447
0.15541
0.0428383
9.94958
0.0773716
0.35416
0.182625
0.923528
0.0363063
0.30979
0.0017748
0.159825
1.22808
17.8356
0.945449
0.0538492
0.90775
0.00397862
0.466428
0.169821
2.1004
0.573903
0.138787
0.741277
0.149186
0.513751
2.72576
0.753414
0.661753
0.117248
0.0776162
0.193144
0.213507
1.13598
0.139027
0.730185
0.34323
0.157389
0.221165
0.762254
1.08302
0.239249
0.329212
1.47384
0.302905
0.0100036
0.88906
0.530607
1.80234
0.731789
0.233909
1.0719
1.8794
5.44054
0.0733157
0.170191
0.216371
0.78611
0.530452
0.826603
0.0133865
0.64389
0.166717
0.468567
0.595661
0.944135
1.15361
1.14198
0.294217
1.42573
0.422062
0.0541024
0.171622
0.0986572
0.455154
0.11295
0.331362
1.95926
2.07593
0.302485
1.04681
0.177537
0.973797
0.670034
0.927152
0.127091
0.359719
0.72461
0.499735
0.250917
0.471338
0.473123
0.369829
0.768206
0.188585
0.206929
0.0615945
0.518722
0.000152966
0.16095
0.109165
0.421041
0.879958
0.254368
1.03436
0.755614
0.472031
0.513341
1.89989
0.192715
0.820678
0.129861
0.815906
0.719039
0.731156
0.0231903
0.173382
0.698479
0.533104
0.628688
0.977749
0.4067
0.282337
0.312562
1.286
0.92379
0.237241
0.738703
0.317789
0.0259089
0.845799
2.26989
0.684582
1.25147
0.0461642
1.3406
0.377787
0.16295
0.433559
0.141908
0.195315
0.12444
1.65983
0.441179
0.159687
0.145313
1.32045
0.701332
0.0961858
0.0295856
0.759391
1.02952
0.630397
0.19589
0.34763
0.289828
1.55996
0.277698
0.948035
0.0595405
0.22669
1.25547
0.164963
0.668457
0.671549
0.612143
3.07863
0.23449
1.75083
0.494427
1.28995
0.969312
0.33207
0.528444
0.416367
0.935189
1.84121
0.394989
0.528184
3.30154
0.277322
0.326297
0.634738
0.541403
0.147386
0.0454692
0.507293
0.864139
0.737964
0.452049
0.314557
0.0601617
0.219076
1.32695
1.06634
1.08653
0.498392
0.289451
0.277258
0.0980634
0.121959
0.538449
0.083849
0.867219
0.322282
1.10075
0.12512
0.769119
0.170485
0.815597
0.201771
0.453676
2.09834
0.148077
0.362488
1.2433
0.104961
9.29038
0.217349
0.582657
0.229472
1.09919
6.47194
0.109091
3.80017
0.0614158
0.466109
0.11413
0.0981052
0.65268
1.41828
0.307751
0.727315
0.168529
1.83509
1.14754
0.0203385
5.04087
0.564194
0.989718
0.138844
0.994353
0.0857952
0.244311
0.0386336
7.60534
1.23283
10.5064
0.0768673
0.228798
0.368509
2.06937
0.118837
0.50369
0.646835
0.13158
0.0700592
0.0438255
6.65073
1.4356
0.0825141
1.2871
0.961691
0.112479
29.8147
0.352704
1.258
0.888236
0.258808
0.698902
0.750074
0.713702
0.673384
1.52302
0.318032
0.18118
0.246136
0.224374
0.141702
0.174627
0.155601
0.0231567
1.29572
1.48489
8.54466
0.349489
0.055237
0.512243
0.153097
0.176233
0.100441
0.0666454
8.9255
1.11982
7.08096
0.936004
0.139217
0.218664
0.907816
0.124523
0.0454029
0.570678
0.618491
0.0647633
0.633311
0.734565
1.38624
0.174324
0.410011
0.159541
0.611494
0.15787
0.237657
0.6608
0.70877
1.04963
0.0362705
0.660502
0.0306867
0.550711
0.747531
0.374715
0.232949
0.658022
0.42931
1.0679
1.98847
0.293528
2.34367
2.5172
0.18603
0.22554
0.307166
0.0106433
0.233116
0.412496
0.274842
1.08342
0.213143
1.31047
0.0150826
0.166648
0.277249
0.295785
0.46408
0.741981
0.948975
0.788798
0.156222
1.48709
1.78019
0.86935
6.9623
0.0234639
1.58081
1.327
1.74974
0.00406991
0.0187204
0.0619844
1.539
0.740299
0.0862548
0.662121
0.637395
1.55042
0.829366
0.404731
1.52728
1.30544
0.929392
0.0316204
0.240019
3.23701
0.299388
0.202421
2.88252
0.177377
0.0938772
0.402905
0.229048
1.4158
1.66361
0.488323
0.915081
0.0295905
0.0534553
0.178425
0.706051
1.27446
0.345878
0.321321
0.206665
0.0094222
0.623596
0.0416272
0.496542
0.790958
1.29914
0.982855
2.49047
0.0392671
1.43885
0.514763
1.43481
5.29559
0.189713
1.09735
0.472454
1.55392
1.03609
1.44698
0.395953
0.159088
0.447079
0.952609
0.65814
0.657813
0.266898
0.584314
0.697259
0.328604
0.125888
0.938651
0.791142
0.46207
0.381528
1.01666
0.131143
0.0670704
0.935996
0.146746
1.86018
0.137264
0.112428
0.318946
0.501955
0.0195288
0.106431
4.89406
0.176615
0.680215
2.21834
0.124011
0.0170558
0.242401
1.1739
0.703983
0.267621
0.183787
1.37657
7.58356
0.136816
0.983951
0.190099
0.0665291
0.345987
28.9869
0.688925
0.308069
1.06462
1.04769
0.116891
0.700869
0.378613
1.28985
3.35663
0.890324
0.25172
1.58177
2.57607
1.50001
0.0469633
0.123969
0.805677
0.677609
0.387135
0.774711
0.0357445
1.36245
0.386754
0.0441865
1.15768
0.797624
0.739332
0.255435
0.265056
0.201489
0.733625
1.64082
0.253743
0.43275
0.992221
2.74357
0.331531
0.298533
15.3158
2.48008
0.550669
0.280677
0.618819
0.300798
1.47271
0.0198746
0.779034
0.334786
0.506337
1.05717
5.26792
1.28557
0.110221
0.0659551
0.0475725
2.21176
0.48167
2.53067
0.531331
0.641218
0.489714
0.076093
2.54984
0.168922
0.979662
0.283425
0.689969
3.87453
0.543294
0.0274514
0.943743
1.46461
0.798434
0.721404
0.261911
0.638829
1.17911
0.140644
0.506536
0.0490017
0.786703
2.74046
1.79558
0.070188
0.673262
0.319679
0.370683
2.80361
1.23726
1.41569
1.18991
1.49452
1.57906
0.365068
0.454425
0.0515992
0.179708
1.80904
0.151893
0.136761
0.890453
0.106909
0.11886
0.32052
0.0331373
0.0407238
0.160758
3.70509
0.0409033
0.0498981
0.291429
0.0606512
0.117087
0.538881
5.33914
0.171361
0.895271
0.150613
1.63349
0.384091
0.640253
0.112126
0.00863085
0.502349
0.527814
0.182942
1.79625
8.2823
0.0160523
0.068987
0.406324
0.556205
0.314796
0.603909
0.157754
0.0297694
0.531047
1.6783
0.165014
0.00671998
0.112934
0.321152
0.200991
1.54107
0.0435482
0.173787
0.990044
0.869349
1.31758
0.161889
2.24486
0.477046
1.40089
0.193482
0.614338
0.393397
1.42375
0.257804
0.520047
0.0164953
0.0650359
0.305483
0.332549
1.05592
0.118457
0.952395
0.403212
5.89398
0.295463
1.14623
0.00934335
1.67806
0.0149959
0.289318
1.28608
0.140085
1.41102
0.744491
9.85753
0.0789105
0.00599764
1.23964
0.0472846
1.26154
1.34768
0.600454
0.413429
1.2774
0.164599
0.425641
0.553762
0.0649511
0.470158
0.33909
1.83629
0.130564
0.479387
0.856995
0.0859118
0.430369
0.339819
1.34053
3.24144
0.280943
0.376058
1.06126
0.0381053
0.297123
0.425114
0.40129
2.10621
0.0321694
0.0627603
0.0894829
0.376919
1.67125
13.4646
1.72821
0.495393
0.983923
0.00373415
0.641906
0.134935
0.164489
4.88947
0.189931
0.362842
1.19256
0.0295427
0.539229
0.481509
1.07369
0.0245814
0.72568
0.38012
2.72719
0.00255865
0.103423
0.377571
0.379242
0.125712
0.0532988
0.225012
0.334943
0.288073
3.76712
0.338659
0.149542
0.808025
0.411287
1.35707
0.323591
0.019706
0.362407
0.12219
0.123318
2.09091
0.48724
0.531247
0.264486
0.0191062
0.215978
0.537332
0.130179
0.0690408
0.584755
0.409248
0.104518
0.545728
1.37914
0.300038
3.5764
0.0882029
0.762823
0.365849
0.524935
0.735872
1.59246
0.465299
0.838478
0.218834
1.51798
1.64406
1.05453
0.232203
1.22342
0.000500138
0.673126
1.33036
0.507413
0.744147
0.411012
0.572025
0.51905
1.60439
3.42577
0.492794
0.222942
0.374631
13.6957
0.50369
0.91838
5.3064
0.865602
3.3727
0.429414
1.08299
0.50988
0.136756
0.770072
0.382864
3.08397
0.102503
0.441928
1.73401
0.440583
0.0758468
0.606995
1.00149
1.95672
0.187448
0.471403
0.0061361
0.872621
0.0288188
0.255344
1.61773
39.2703
3.26135
0.690198
0.32658
0.0647553
1.41926
0.0676047
4.68246
0.0212918
0.113165
0.104446
0.143139
0.173214
0.444283
0.671643
0.549133
3.35067
1.42916
0.30777
1.89228
1.34729
0.133476
1.47581
0.64949
13.9379
0.0760037
0.737731
0.503012
0.163517
0.372785
0.0722364
1.08872
0.383463
0.438993
1.82918
0.598304
0.694906
0.133535
0.257596
1.14457
0.244428
0.2027
0.320476
1.08189
2.456
10.5622
0.278414
0.0365004
0.157879
2.54788
1.11525
0.432285
0.382716
0.56872
0.315249
0.160933
0.345305
0.0298861
0.490509
2.50943
3.40661
1.15306
0.516139
0.409607
0.285844
0.779756
0.641001
4.18122
0.00972059
0.0285706
1.05757
0.184698
0.292323
0.133113
0.600677
0.270175
0.362007
0.802286
0.0177977
0.0351022
0.000202593
3.29601
0.348448
0.465157
6.33514
0.439411
0.249762
0.699598
0.889324
1.16087
2.2164
0.271733
0.202586
0.233057
0.667643
1.88873
0.568071
1.0597
5.31285
0.534045
1.923
0.00214021
0.926346
0.497661
0.867913
1.1041
0.3646
0.336507
0.693289
2.97939
0.239806
0.502908
0.572308
0.344173
0.380341
0.247672
1.22123
0.343258
0.184398
0.44414
0.306007
0.581782
0.810225
0.994457
0.145518
1.23422
6.30589
0.217893
2.91175
10.5849
0.252639
0.088164
1.39126
2.09548
0.233251
7.58934
1.38087
0.567965
0.01366
0.00883053
0.959671
0.787086
0.0108622
0.584321
0.190096
0.278844
0.372193
0.524252
0.468753
0.165398
0.12498
0.677199
0.293799
0.353318
0.278951
0.714829
0.470425
1.28527
1.13031
0.181808
0.17779
0.255173
0.850815
0.488265
1.60834
16.3452
0.174031
0.0975612
0.172611
0.392547
0.679708
0.940109
0.0423475
0.0972222
0.173423
0.999124
0.282921
0.134184
0.266938
4.78887
0.146883
0.379617
0.14168
0.186352
0.0165585
0.0544738
0.645963
3.12396
0.0934002
0.700788
0.0507116
0.755391
4.27249
0.696615
1.36649
0.0971686
1.24764
0.230113
0.180847
0.0773622
0.912065
1.13472
0.482636
0.149705
0.323985
0.434963
0.905611
0.744588
0.326446
0.380903
1.3554
1.82184
0.127372
5.01495
0.575092
0.235903
0.61153
0.511694
0.573052
0.0413547
0.812277
1.04479
0.564154
0.0554955
0.666387
0.597948
0.0206599
0.135278
0.568377
0.791429
5.20426
0.151446
2.41943
0.367119
0.493928
0.263597
0.251193
0.282893
0.30358
1.68485
0.389172
0.870834
2.22221
2.43259
0.700018
0.524194
0.554232
0.0147862
6.75807
0.0932222
0.202337
0.738443
0.0291226
21.6463
0.456441
1.54258
1.54991
1.81817
0.143816
1.38623
0.437784
0.220157
0.33461
0.921933
3.36895
0.714245
1.048
0.756661
0.064626
0.813493
1.7679
1.18162
0.323211
0.152157
4.33544
1.95947
1.51163
0.0258016
0.00260333
0.482728
0.248069
0.729525
0.159333
0.970003
0.597873
0.762458
1.70266
0.119341
0.0959617
0.524311
0.0187964
0.0698415
0.215133
0.821612
2.69942
0.163225
0.267932
0.169013
1.54335
0.06802
0.108967
0.467614
0.197656
0.254252
0.0272499
0.504374
0.241775
1.81411
0.974272
0.733487
3.06393
0.158167
0.0586512
2.71559
7.42878
5.87626
1.6097
0.15688
0.315626
0.189912
0.381601
19.3361
1.40901
0.130376
0.323627
0.00705575
0.0368988
0.863325
0.324168
2.60723
0.92032
3.47542
0.261784
1.88081
0.27675
0.246338
0.772821
0.593038
1.0287
0.131913
0.637856
0.567027
0.0362045
0.326922
0.46935
0.182816
0.4551
0.185521
0.767535
0.298219
0.252318
0.142428
7.66681
0.0579951
0.359293
0.787837
0.871942
0.484049
0.363877
0.707696
2.81248
0.199242
0.390225
1.17117
0.369445
0.244648
0.686431
0.190393
0.262841
0.277889
0.661131
0.418694
1.21302
0.413941
0.60617
0.0385325
1.05268
0.72182
0.729241
0.633637
0.255884
0.0873035
0.0048645
0.00365476
0.091033
0.316504
0.0188508
1.514
0.160164
0.114058
2.20266
0.28261
1.60132
1.47998
0.085839
16.106
0.149313
0.133777
3.05651
0.497074
0.0300236
8.03598
1.48596
1.6408
0.381159
0.0242463
0.693275
1.46704
0.365254
0.159413
0.899106
0.361783
1.23827
0.79674
2.22948
0.120956
0.344653
0.120783
1.67645
0.389862
0.00908604
0.644512
0.178049
0.436552
10.8828
0.110767
0.137816
0.0587479
0.442956
0.0649715
0.0944556
0.0541691
0.117281
0.670672
0.499371
0.128004
0.17657
0.500033
0.611823
0.110229
1.10937
0.659889
0.812224
0.0804297
1.26426
8.02391
3.05046
0.108359
1.25558
0.641798
0.135588
0.331978
0.611177
0.084689
0.468758
0.171301
1.03725
1.70937
1.00581
2.5834
1.09386
0.141217
1.76987
0.0822326
0.225754
0.604585
0.860397
1.10717
0.27514
0.656229
2.43097
0.485615
0.75227
0.443967
0.0676521
0.124528
0.0625337
0.854516
1.89303
0.144091
0.0867984
2.99159
2.09111
0.477887
0.138114
0.79153
0.860708
1.15576
0.47581
0.553628
0.864666
0.595393
7.87616
0.607784
2.10447
0.135953
0.060128
0.849131
0.376882
0.868773
0.376402
2.55316
10.673
0.250415
0.492678
0.0251372
1.23088
0.423144
0.31618
0.451662
0.231492
0.627599
2.40074
1.78062
0.0787422
1.2596
0.0307907
0.653854
1.40438
0.0951629
0.592495
0.754659
0.238876
0.307893
0.487113
0.689767
0.214338
0.757292
0.225422
0.00609639
0.00712479
0.0397377
0.252792
0.844775
0.853214
0.557102
1.59848
1.0673
0.294458
0.285398
0.709712
0.0252658
7.60213
0.700075
0.454741
0.409894
0.442235
0.521145
0.0993782
0.992671
0.00444163
0.208335
0.555188
0.902988
0.593214
0.0683925
0.882277
0.216384
0.583039
0.572605
0.805373
0.224468
0.120139
1.46617
1.46644
0.809603
0.331312
0.312205
0.82152
0.332415
0.124108
1.15148
0.26481
0.42904
0.0807196
0.0189859
0.644219
0.250998
0.0523755
1.15489
0.383876
1.6339
0.0230413
0.107297
0.291196
1.96168
0.0127092
2.72774
0.377845
1.03095
0.990783
0.188501
0.124569
1.02302
0.255786
0.0666017
0.456788
0.090421
5.65176
0.236477
0.45498
0.396018
0.685227
0.47471
0.161874
1.32276
0.340799
0.0676212
0.449731
0.459519
0.445187
0.930084
1.61611
0.726869
1.52104
0.0328185
0.822288
1.02823
0.937277
0.432117
1.39622
0.203232
2.00121
0.29338
0.590901
2.80442
10.4598
0.0310208
0.586098
0.487329
0.457339
0.595132
0.046423
0.384635
0.314275
0.264571
0.615833
0.0608655
0.281916
1.11735
0.0925537
0.0766318
0.216212
0.25741
0.9851
0.232008
0.590663
0.158895
9.36529
0.664913
0.293306
0.285876
0.260125
0.0274689
0.521582
0.450987
0.675409
0.0642223
0.974739
0.0659295
0.0207226
9.63056
1.18888
1.55268
0.365753
0.212719
0.180979
0.427121
0.339254
0.798379
0.15319
0.300408
1.27865
1.54811
0.0617791
0.839564
0.669494
0.656904
0.510575
0.708411
0.251732
0.0243514
0.374828
1.01654
0.401669
0.753501
0.10945
0.453688
1.41449
4.81247
0.31181
0.130634
0.565103
1.41209
0.534764
0.621698
2.08281
0.0608678
0.00875865
1.11215
3.42817
2.56086
0.784154
0.330675
0.102441
0.0256944
0.00399503
3.36685
0.058844
0.164978
0.0132871
1.91028
1.74759
4.78945
1.54919
0.366751
1.33421
0.109319
0.313359
1.33373
0.948715
0.347144
0.664259
0.743437
1.10556
3.08454
0.950463
0.231442
0.523583
0.120379
0.15298
0.190426
1.77059
0.322855
0.745174
0.133839
1.22967
7.88741
2.72372
0.0357785
0.165107
1.24679
0.0101283
1.29761
1.75781
0.183025
0.104702
0.580053
0.377083
2.16564
0.52951
0.463104
0.327903
0.104265
0.154049
0.900709
0.296413
0.161714
0.223502
0.284069
1.75446
0.316939
0.0621452
0.155236
0.233948
0.405082
3.97376
0.136683
0.319118
0.511458
0.128653
0.460563
9.99479
0.364482
0.189053
0.371685
0.586733
1.32544
15.0732
0.537564
0.73333
1.40051
1.18952
0.598717
0.145596
0.190874
1.11668
1.15131
0.225991
1.5882
0.209318
0.154656
0.527802
0.196755
0.755962
0.0299866
0.359159
0.420201
2.36551
0.675594
1.0222
0.695194
0.507013
0.163208
1.2883
1.29655
0.226612
0.0933783
0.179927
2.39908
0.00306005
0.661045
0.201577
0.140153
0.176968
0.178847
0.52321
0.616254
0.479058
1.98603
0.592239
1.06352
0.977807
0.708728
1.7425
0.427545
1.17877
0.183591
0.850481
0.302909
0.98277
2.20922
0.512909
1.08535
0.0711457
14.9499
0.693143
0.525153
0.524971
1.38626
0.220967
0.82185
1.49272
1.19318
0.407468
0.756125
0.392024
1.6936
0.479604
0.163676
0.0720532
0.0595966
0.992865
0.21057
1.07094
0.223021
0.0291058
0.644726
0.0886612
0.00420202
0.92781
0.846088
0.526232
0.066911
0.0652799
0.704437
0.0451134
0.571405
0.417971
0.735444
1.08253
0.266881
0.561138
1.05693
0.458456
5.38276
0.290799
0.460467
0.332381
0.00571793
0.450469
0.631157
0.0921514
0.475214
0.506073
0.269493
1.44211
1.20209
1.12531
1.19171
2.53956
0.215152
0.428542
0.17271
0.500694
0.0357332
0.336802
10.732
0.842466
0.349401
0.820564
0.433517
0.0490086
0.257845
0.0350008
0.625605
0.392114
0.102575
0.0204435
0.861935
0.98946
0.463462
1.29007
0.744426
0.314999
0.0359273
2.90659
0.324696
0.149252
0.287097
0.607575
0.0226151
0.475295
6.63374
0.249239
0.311919
0.841629
0.338165
0.202672
1.3364
0.146578
0.00306574
0.495976
0.422983
0.0403959
0.108852
0.433152
0.212052
0.250536
0.00700803
0.098825
0.571536
0.245958
1.31927
0.127147
0.289903
3.12706
1.64665
0.333334
0.101937
12.3251
0.707021
1.23865
0.429802
0.693017
0.825975
0.0981478
1.0509
7.00594
0.225606
0.412001
0.141919
0.113413
4.23315
0.265121
0.782491
0.0563339
3.22034
1.46467
0.0741048
2.58946
0.27455
0.0193276
0.0411117
0.671658
0.161303
0.652759
0.31736
0.203724
0.0798241
0.959461
1.13043
0.0465689
6.43032
0.272339
0.232584
0.517515
0.288387
0.0988636
0.0162013
0.0422832
0.0328073
0.0407408
0.0366338
0.853738
0.79598
1.06049
0.326832
0.00520495
0.386988
0.0705654
0.833292
1.74684
0.168721
0.124921
0.413425
0.0289681
0.881944
1.09995
0.446135
2.35618
1.11763
0.0248595
0.22328
1.30292
0.00910287
0.548335
0.57956
0.66087
0.254098
0.203931
1.03791
0.735318
0.14109
0.0124584
0.374082
0.313444
0.00787276
0.601113
3.76516
0.24464
0.0690822
0.21268
2.3159
0.418586
0.282173
5.33888
0.0406293
0.744476
0.519051
0.866061
1.77846
0.103439
0.546329
0.0286445
0.20855
0.0904338
0.0584852
0.156141
0.240449
1.47875
0.698185
0.513068
0.424269
3.77769
4.24053
0.565672
0.808654
0.406733
0.161509
0.839888
0.509387
0.444546
0.0656141
0.110469
0.969158
1.50263
0.232039
0.214487
0.1352
0.0253525
0.339192
0.662942
0.688876
0.446796
3.31914
0.575413
0.0743453
0.161129
0.173059
0.0982163
0.0709759
0.386188
0.177394
0.214392
0.521056
0.396146
0.251203
0.0591327
0.0906382
4.00609
0.663236
0.0679895
0.176599
0.156281
1.07771
0.519999
0.50173
0.0472634
0.430643
0.371628
0.604254
0.778526
0.219457
5.44516
0.179503
0.07981
0.295623
0.389747
0.198864
26.355
3.05242
0.30269
1.51596
0.442191
0.372232
1.47781
1.93645
0.784361
2.10518
0.305412
0.0374057
0.0744269
0.37797
0.8166
0.299097
0.1916
0.0348292
1.96086
8.49254
0.0427397
3.97247
0.207877
0.140722
0.437492
0.387107
0.257872
1.59158
0.0220115
1.42282
0.237906
1.27517
0.223682
1.01983
0.403231
1.04833
0.266027
0.621211
0.388254
1.10722
0.455969
0.300047
0.452378
0.776021
1.29905
2.15005
1.34071
0.149295
0.260436
3.20297
1.50861
0.0250431
0.200398
0.00969613
1.42432
1.07298
0.763373
0.334335
0.599921
0.297435
0.121497
8.02742
0.492561
0.454353
1.93896
0.300143
0.174716
0.908288
3.01015
0.241387
1.80287
0.121913
8.66483
0.25475
0.327654
0.597305
0.146296
0.941617
0.0314805
0.18075
0.20563
0.0772633
0.253031
1.0655
0.78694
0.448655
0.501841
0.436128
0.13641
0.891999
0.102725
0.0830962
0.144526
0.344207
2.30696
0.446551
0.854445
0.117552
1.25138
1.24169
0.93733
0.477175
1.00273
2.62494
0.697758
0.28975
1.86193
0.144897
0.406038
0.354049
1.24689
0.315621
0.137963
0.943027
0.688862
0.365362
0.394973
0.00214537
0.0893084
0.116011
0.440862
0.120389
0.0523946
0.0764513
0.212229
0.198106
0.00240542
1.46012
0.166978
1.02495
0.39386
0.00486437
0.835665
4.08837
0.146124
0.541612
0.888072
0.278823
0.377524
0.134618
0.0216305
0.936427
0.0686949
2.52681
0.097575
0.0398358
0.372124
2.26566
0.189057
0.0730639
0.37907
0.197082
1.79533
1.78096
0.951332
0.111026
0.565144
0.243034
0.20896
1.78962
0.0699704
1.68021
0.0838034
0.588203
3.04483
0.279472
0.0128024
0.0887807
0.0774951
0.243032
0.0964775
1.4078
0.275568
0.347966
0.113194
0.050927
0.000711875
0.717477
1.085
0.447616
0.17935
0.277469
1.27682
0.0407201
1.3199
1.17712
0.504731
0.224245
0.305584
1.11253
0.322939
1.72509
0.85789
0.0632265
1.08616
0.879052
0.141591
0.00988478
0.253546
0.608052
0.0936362
0.660862
0.130741
0.141103
0.350961
1.79185
0.777602
2.70025
2.19558
0.349873
0.135618
0.193385
0.0704113
1.72284
0.226224
0.570903
0.595042
0.0423617
0.114935
0.196943
2.88944
1.5196
0.134607
0.121973
0.212703
1.21759
0.0366847
1.88237
0.329329
0.402177
0.0285822
0.495606
0.845399
0.704354
0.62532
0.727712
0.348087
0.556904
3.61364
0.0594054
0.57512
1.63189
0.200929
1.70235
0.00544496
0.544681
0.615901
3.7666
0.839718
1.0617
0.092697
0.432266
0.166052
0.0873616
11.2422
1.4087
1.58773
0.217462
0.35114
0.0856807
1.34367
0.042791
0.497264
0.129361
0.459296
0.282851
0.221277
0.510588
9.04258
0.117908
0.450002
0.139346
0.113722
0.556824
0.0101066
0.0558086
0.499792
1.65306
13.1977
0.266768
0.283574
0.272193
0.107604
0.672728
0.480975
0.285899
0.122233
0.210782
0.457284
0.397472
4.5654
4.12407
1.17581
1.13577
0.377549
0.755299
1.5767
0.255327
1.18892
0.717928
0.408797
0.0438907
0.349179
0.133234
0.288275
0.0849055
0.0531061
0.867042
0.0846826
0.278341
0.106962
0.0459192
0.0914619
0.469469
0.541252
0.430049
0.327798
14.3266
0.159185
0.393472
0.236973
15.0403
0.263454
0.249739
0.651063
0.355605
0.49479
0.77921
0.0575286
0.354786
0.00997298
0.0144342
1.74858
0.192766
0.535116
0.67791
0.256868
0.188022
0.167451
0.348133
1.10812
0.111478
0.0840709
0.142614
1.03012
0.269704
0.174994
0.682474
0.688544
5.48702
0.0153434
0.156125
8.69058
0.550207
0.551275
0.774511
0.487644
0.167045
0.136629
0.379817
0.478978
8.52764
0.502555
1.0988
0.237528
1.30215
0.276669
0.21174
0.152553
0.111492
0.259314
0.40079
0.266758
0.183351
1.38168
0.226397
0.656577
2.52648
0.522255
0.0629445
0.464334
0.578194
0.417453
0.0886787
0.0434288
0.146712
1.0495
0.530164
0.264828
5.06101
0.777551
1.72143
1.53548
0.898359
0.367519
0.596534
0.870024
0.0518681
0.0868111
0.525604
0.367466
1.05979
0.479842
0.9352
0.935702
0.1126
0.385232
0.00960814
0.300897
0.0472481
0.560712
1.69936
0.175926
1.59861
1.77775
0.885518
1.67286
0.300207
0.146486
0.792474
0.00876928
0.0637518
0.0542572
0.572246
0.256337
0.872191
1.8291
0.189317
0.206008
1.56386
0.273342
0.0816744
0.211614
0.738657
0.00807367
0.799188
0.0406754
3.19241
0.151526
0.0946737
0.584079
0.183626
0.33085
0.063475
0.383173
0.977744
3.87554
0.485571
0.0114622
0.361658
0.535646
0.930221
0.180038
0.26588
0.387118
1.43766
0.877842
0.85205
0.180097
0.622968
1.71381
0.185486
1.34279
0.879886
12.8815
0.403872
0.213879
0.347553
0.363075
0.253959
0.306699
0.160976
0.0172841
0.402501
0.14488
0.806619
1.14669
1.22948
0.603736
0.733272
21.5697
0.173639
0.0289233
0.410055
0.421068
0.396831
0.146766
0.165292
1.2033
0.0567438
0.177907
0.0316552
1.13906
0.887606
0.378941
4.92332
0.46256
0.14023
0.581713
0.238893
4.55256
0.747854
0.279184
4.0894
0.233023
0.672892
0.509691
0.424293
0.210739
0.0497382
0.0399676
2.30998
0.133585
0.329089
0.533128
0.428941
0.162668
0.089338
0.291801
0.483234
0.674298
2.4747
0.141008
1.77478
0.119401
0.184355
1.90177
0.0845935
0.0340281
0.325933
1.08461
0.402539
4.10139
0.282237
0.513394
6.4809
0.341334
0.523384
0.844431
1.05021
0.0402453
0.0882576
0.212494
0.428752
0.217713
1.69846
0.138779
0.0887844
12.1777
0.116622
0.283789
0.163928
0.110299
1.62985
0.115763
2.21295
0.674429
0.514348
1.62712
0.0778284
0.135271
0.0945615
0.0563869
1.56263
13.2603
0.62408
1.05294
1.76181
0.42107
0.280006
0.37712
0.388748
1.4745
0.0685927
0.496724
1.27626
0.00552776
0.348374
0.264084
1.21572
0.878283
0.360894
0.345354
0.502131
1.23508
0.575865
2.02333
1.05123
0.283724
0.743299
3.0365
1.0775
4.58427
0.134392
0.427197
0.108803
0.248819
3.10567
0.605128
0.587397
0.43323
0.00239498
0.445738
0.26741
0.0386713
1.18829
0.442209
0.134558
0.826371
0.358971
0.039868
0.256471
0.308535
0.890743
0.401208
0.55737
0.239614
0.0156904
0.107943
0.367326
0.422012
1.32414
0.045175
0.398991
5.85373
0.417185
0.0687769
0.697778
1.58706
0.125731
0.0865881
0.278046
1.52339
1.35927
0.475507
1.60835
0.749208
0.281056
11.183
0.533495
0.634128
0.0910331
0.241588
0.469855
0.677449
0.0555993
1.22049
0.426559
8.64547
0.383992
2.49426
0.217919
0.143109
0.889186
3.3473
0.845424
1.3867
3.81811
0.127861
0.479069
0.110227
0.77422
2.1781
0.138823
0.116704
1.93347
0.370283
7.90921
1.34408
0.890123
1.04525
0.123231
3.90851
0.398512
0.0571955
0.049409
0.647513
7.18954
0.315637
0.019829
1.31196
1.1793
3.23952
0.271512
0.0413801
0.20691
15.3313
0.633769
0.23377
0.0194976
0.125926
0.652186
0.292522
1.73703
0.381526
0.823393
1.4993
1.30064
0.250779
0.247098
0.625573
0.345882
0.429124
0.0807133
0.283059
0.531796
0.012457
0.0174113
0.188451
0.65436
0.711158
0.303219
0.186571
0.0410938
0.784394
0.0805341
0.57735
0.386665
0.156815
0.127142
1.13986
0.947811
0.105155
0.0135509
0.493672
0.111832
9.82276
0.858683
0.22915
0.328882
0.747499
1.2846
0.521562
0.401561
0.273885
0.0480139
1.55512
0.0663988
7.95738
2.68216
0.0892665
1.67115
12.4273
2.13584
0.329675
0.113159
1.17264
0.144221
0.0254459
7.1319
0.952541
0.156709
0.311921
0.664021
0.128942
3.33183
1.269
0.0480377
0.253624
1.08917
0.294226
0.0562604
2.10898
3.46967
0.147274
2.53176
0.323418
1.41843
0.155885
1.54293
0.841349
0.982148
0.341079
0.244064
0.0177045
0.00679651
0.0899626
0.0843936
0.209306
0.716071
0.291743
0.449031
3.98886
0.00412328
0.959734
0.760511
0.195357
0.278338
2.08281
0.523222
0.675555
0.834185
1.29691
1.49484
0.494392
0.212479
0.0362152
0.845012
0.127541
10.7574
0.476575
0.0594903
0.0770979
0.134989
0.722661
0.0856962
0.968661
0.570016
0.429124
0.0121694
0.442991
0.128012
0.627648
0.89582
0.0986071
0.0644721
1.00926
0.638029
0.531816
0.11837
0.460649
9.66615
0.159889
0.551266
0.0414508
0.119232
0.442471
1.30606
3.17095
0.315998
0.0741176
0.0804739
0.34684
0.0240722
0.853561
0.201371
2.4188
0.156155
0.427402
0.0789922
0.304152
0.220842
0.84709
0.179617
0.741502
0.514492
0.644921
0.635327
0.259627
0.0333519
0.097217
0.393365
0.0672265
0.665458
1.75774
0.290965
3.30504
0.138358
1.02842
0.970472
0.0460242
0.699096
0.237861
0.790975
0.989571
0.635365
2.0166
0.461362
0.668976
0.344632
1.95648
0.0903648
0.146875
1.95778
9.41167
0.0571614
0.839634
1.292
0.206848
1.09563
1.05958
0.77922
0.237097
1.71259
0.620945
1.68597
0.971161
0.21863
1.03419
1.0309
5.36268
1.35406
0.121939
0.57908
0.940969
0.282105
1.41801
1.6146
0.326144
2.10619
0.638834
2.60337
0.527204
0.317231
0.508784
0.883736
0.350999
0.0920126
0.216416
0.00247808
0.124012
1.2668
0.549456
0.975296
0.6606
0.138811
0.157171
0.839648
0.939593
0.0162209
0.0383715
0.668419
0.432386
0.672126
0.517364
1.09155
2.10841
3.40554
0.00250351
0.634242
1.9434
0.365427
0.0446579
0.0567443
0.790876
0.413589
0.0971328
0.388514
0.102507
0.317553
0.936924
0.239114
0.421155
0.551994
0.049823
0.797155
0.171008
0.235155
2.32998
0.389599
0.341506
0.677649
1.23225
2.56127
0.164934
0.412644
1.10833
0.580696
0.216049
15.0044
1.26084
1.01326
0.656726
0.876277
0.632829
1.86545
0.115096
0.809246
3.37554
1.74526
0.291065
1.23225
0.903386
0.18919
0.416993
0.110843
1.64034
1.44791
0.179597
0.175796
0.234112
0.100071
0.161025
0.079076
0.369787
0.391211
0.36532
0.0738881
0.023464
0.310414
0.603754
0.62409
2.99948
0.314888
1.38772
1.938
0.126214
2.68802
0.170395
0.470625
0.608126
0.0597924
0.873742
0.674877
2.45126
0.704244
0.134184
0.107181
0.15495
0.0533949
0.635325
2.58206
0.1587
0.987356
0.226628
0.230203
0.0657312
0.00584081
3.44215
0.307014
1.12551
2.79549
1.01691
0.557057
0.447141
0.511579
0.306975
0.180397
0.197855
1.20511
0.28345
0.622714
1.02405
0.249812
1.37242
0.14455
1.01253
0.180205
0.20773
0.119422
0.43054
1.02909
1.0785
1.48906
0.351241
0.0505503
0.850364
0.488685
5.61235
0.479862
0.260261
0.134877
0.391976
0.454747
1.39193
1.12935
0.199428
0.712976
0.862602
0.905415
1.74794
0.0604692
0.462973
0.0249916
0.298109
1.06561
0.14292
0.323964
0.788837
0.219642
5.76555
0.45049
0.382033
0.692364
1.05866
2.16313
0.808555
0.0304594
0.781392
3.8613
0.442576
0.191374
0.449787
0.06384
1.84247
0.153465
0.921818
0.329591
0.799431
1.27113
1.00851
0.0581722
4.20067
1.14138
0.25159
0.405967
3.58714
1.16095
0.0763696
3.17975
0.0630149
0.704862
0.0342877
0.517063
0.551187
0.752095
0.46609
0.800832
0.336201
1.41233
0.300094
0.0934666
0.823232
0.0246877
0.349766
0.23234
0.385847
1.05156
0.277917
0.0264526
0.367309
1.19332
0.691099
0.998909
0.342645
0.262319
0.0890483
2.22439
0.570718
0.561144
0.443151
0.424594
1.61721
1.2217
0.13627
0.0396494
6.93937
0.472253
0.0759632
1.15219
0.793853
0.607759
0.742036
0.345491
3.38644
0.9577
2.15148
0.516699
3.34308
0.102552
2.58494
1.16198
16.9351
0.143429
0.0759739
0.614082
0.381561
0.0791706
0.504966
0.619306
0.638676
1.84892
0.656524
1.12264
1.10605
0.167883
0.229867
1.72239
3.88398
0.171033
0.27062
0.189757
0.458057
0.171101
0.125356
0.379101
0.0161944
11.2844
0.362415
0.148556
0.141405
0.327694
0.978388
5.55739
2.25693
0.576516
0.0611732
0.503059
0.591237
0.347498
0.0797518
0.0135547
1.02239
0.162734
3.32966
0.520974
0.598288
1.44134
1.10272
0.273581
0.155934
0.174534
0.0184115
2.39194
0.118637
0.0789978
0.180071
0.614628
0.113425
0.162528
0.500722
0.293752
0.10064
0.248927
1.43123
0.464423
0.417627
0.783965
0.071218
0.112516
0.703775
0.303203
3.95085
4.29335
0.0534472
1.0884
5.33405
0.50541
0.305022
0.629127
1.4525
9.80277
0.0181356
0.300633
0.410074
12.1137
0.0263419
1.95349
0.260577
0.238642
0.443695
1.75114
0.514531
21.4959
0.44354
0.370346
0.0605323
0.0335305
0.405518
1.09097
0.308459
0.243223
0.807554
1.83476
0.523363
0.688054
0.0594512
0.0791572
1.55218
2.12512
0.0755015
0.399103
0.00283129
0.0414725
0.142199
0.215184
0.0980999
4.32506
0.730026
0.369297
0.0835416
0.615767
0.248026
0.255585
0.786079
0.0650672
0.604165
0.583386
1.89628
0.214765
1.27582
0.31249
0.751428
0.0505298
0.175587
0.144251
0.191243
0.133784
0.149708
0.497317
0.567788
0.0213625
0.974974
0.310751
0.00690503
1.91141
3.06714
0.0392291
5.07733
0.131445
0.0636694
0.029392
0.188966
0.421781
0.105891
4.23493
0.129407
0.188751
1.12588
0.0232253
0.011393
0.299546
1.02406
0.956016
0.0246018
0.00340962
1.84464
0.260508
0.307461
0.190763
1.11425
0.258494
8.90472
1.57152
0.555362
2.71824
0.0365852
0.896677
0.786959
0.117259
2.94472
0.231548
0.0322564
1.06496
0.274118
0.255262
2.05255
0.347501
0.0447629
0.546335
0.104515
0.498399
0.31659
0.06703
2.29981
0.296031
0.950165
0.268612
0.20098
0.170305
0.163437
0.598195
0.215957
0.328754
0.129852
0.256704
0.12885
0.175767
0.516183
0.349389
1.27845
16.7254
0.142563
0.161542
0.177922
0.22795
3.58042
0.740563
0.762198
0.493499
0.0496429
0.879983
0.634649
1.20891
0.175461
0.462673
0.592384
0.644441
0.120243
2.65885
0.554941
3.60064
0.0746607
0.17844
1.86877
0.112793
1.81236
0.391936
0.140698
0.142989
0.742595
0.645121
0.512676
1.05171
0.499341
0.776614
0.228879
1.05011
0.173146
0.200649
0.13255
0.770761
1.80155
10.1107
0.0354057
0.889874
0.169096
1.5547
13.8704
1.11217
1.13981
0.180399
1.93101
1.10102
0.203635
1.40115
0.168599
0.384176
3.16442
0.243462
2.71877
0.0608008
0.391729
0.105231
0.300716
11.5086
0.660644
0.423805
0.130865
0.314714
0.0676187
0.177111
0.246141
0.0299567
0.296537
0.224873
0.324588
0.350021
0.0030425
1.03357
0.433615
0.835546
0.981641
0.267707
0.353703
0.0970935
0.643274
0.565116
0.826909
0.583611
0.305722
0.0483877
6.26283
0.188751
0.140214
1.57875
0.364118
0.169212
0.325596
0.65751
0.039311
0.477983
0.800063
0.864719
0.717696
0.867574
0.161341
3.97175
0.636726
1.42635
1.22352
0.341065
0.0697339
0.0105817
0.445254
0.165871
0.523164
0.259016
2.95485
1.12417
2.58337
0.013574
10.7361
0.217749
0.718737
0.125495
0.537633
2.45618
0.0716554
0.18006
0.283049
1.31217
1.62805
0.212066
0.394193
0.473201
0.132718
4.56481
0.492029
1.84066
0.232612
0.0124025
9.61616
0.256489
4.12137
0.0523729
0.287463
1.04269
1.0586
0.0682011
0.522613
0.107046
6.3885
0.288477
1.51726
2.90445
0.296572
0.0366801
0.533472
0.311475
0.970281
0.371745
0.229559
0.464114
1.91011
0.738062
0.155664
5.94291
0.107263
0.576638
0.797269
0.45978
0.0875993
0.464519
0.159457
0.0562569
0.237073
0.747334
14.1432
0.597852
0.921492
0.798219
0.840176
0.522093
0.525726
0.91244
2.10542
0.109184
0.0201438
0.301144
0.537554
0.0226285
0.578473
0.283581
0.244497
0.688046
0.605619
0.267946
0.221154
1.22164
1.36148
1.08516
1.07888
0.383283
0.0381478
1.5091
1.2325
2.73726
4.25621
0.0131542
0.186071
0.247923
0.206584
0.4396
0.12681
0.334917
0.559697
1.08534
0.659395
1.04714
0.901653
1.07637
0.293536
0.29572
0.497733
0.138908
5.76896
0.0160099
0.519852
0.217324
0.76356
0.738417
1.65838
0.689591
0.673569
0.541552
0.315771
0.268595
1.16332
0.78833
0.745955
0.283274
0.386874
0.826591
0.0901543
0.470628
0.105121
0.780825
0.52263
0.714208
0.107162
1.60104
0.395606
0.350657
0.792627
8.63874
0.662886
1.20213
0.038419
0.712673
1.48069
1.8868
0.189572
0.0314176
0.15831
6.31024
3.44908
0.0154339
0.56738
1.47624
0.460125
0.0986471
0.0820988
0.0943608
0.0181751
13.5491
3.46889
0.0717495
0.549205
0.076364
1.04543
0.202751
0.10313
0.545815
0.336581
0.508672
1.26778
0.107735
0.0766447
1.19489
0.0306623
0.200104
1.04468
0.143437
1.58492
0.105681
0.0732409
1.78225
0.734533
0.705651
0.0435697
0.408873
0.380255
0.855716
0.89101
0.0122148
0.922114
0.237311
1.22204
0.445071
1.39722
0.715906
2.49828
0.323994
0.15601
0.0304632
0.02068
0.224642
0.356914
0.0344697
0.821329
0.813945
4.37093
0.263024
0.398155
0.0829843
1.08833
0.643713
0.627355
0.73106
0.105868
0.118276
3.98368
0.14086
0.748509
0.91066
25.217
2.82829
0.757668
0.0813804
0.306475
0.152346
0.169063
0.669541
0.139201
0.405414
0.206202
0.707037
0.152043
0.11639
0.362996
0.385317
0.33061
0.248224
1.5044
2.89391
0.0149265
0.286413
0.354261
0.217387
0.522845
1.33021
0.258653
0.390697
0.103161
0.0142821
0.122431
0.0557309
0.398072
0.0290134
0.0562252
0.791915
0.669781
0.0928567
0.25165
1.38261
0.0399609
0.547681
1.13331
1.44066
0.294151
5.19951
5.7692
0.206392
0.314495
1.5739
0.0555769
0.569566
1.26528
4.54765
8.97588
0.543428
0.149905
0.350904
0.0156327
1.40038
0.0358619
0.134917
0.188253
0.383358
1.73965
0.654449
0.0569095
0.329458
0.288655
0.163779
0.0414336
0.652756
0.164165
0.635664
0.00115408
0.28005
0.398911
0.156337
1.43432
0.676102
0.17554
1.39327
0.183932
15.1977
0.177551
0.118953
0.185907
0.183907
0.0255438
0.789642
1.05699
0.152382
0.179017
0.608773
5.6129
0.280247
6.63005
5.04754
1.07251
0.303567
0.238801
0.00246818
0.392515
18.9611
0.803178
0.619813
0.0635364
0.298183
0.268392
0.0809071
0.660984
0.0166037
0.0742837
3.77921
0.283259
0.720601
1.29735
0.424946
0.182481
0.354275
0.102711
1.54102
1.75167
0.534643
0.117968
0.677641
0.229113
0.642072
2.06874
0.0381571
0.0206259
0.205456
0.00311047
0.369836
0.0487257
0.204469
0.311644
0.333423
0.00649943
0.000841476
0.141974
0.0258957
0.94238
0.291309
0.367797
0.922192
0.190134
0.651574
0.534326
0.489771
0.522931
2.26268
1.0439
9.05572
0.353873
1.1067
0.367384
1.3607
0.794754
0.278949
0.180399
0.433494
0.237991
0.176701
0.743881
0.0411178
2.04212
2.05393
0.718546
0.68745
0.849562
0.697517
1.45368
0.122092
1.83248
0.224129
5.00622
3.62404
0.632818
0.373948
0.877556
0.401742
0.197637
0.0277052
3.157
1.02804
2.36866
0.967309
1.01608
0.0136051
0.548113
0.451416
1.274
0.131005
0.973008
0.918293
0.268699
0.573412
1.18241
0.639394
0.00786616
0.657314
1.35463
2.47345
0.0232494
0.477337
0.387541
0.319242
1.18108
1.38585
1.03874
2.51978
0.749603
0.507453
1.02176
1.90008
0.313776
0.495803
0.0831262
2.43802
0.19437
0.470027
0.947522
0.350053
0.179487
0.407277
0.223456
1.08734
1.19282
0.31093
0.39318
0.121668
0.042476
0.353751
0.277323
0.0298872
0.469817
1.01168
0.502694
0.989799
0.198408
0.504773
0.0140039
0.347174
0.129215
1.03986
0.64548
0.122943
1.23873
1.05833
0.16865
0.725993
0.701097
0.457837
0.0646197
8.40839
0.371416
0.803588
0.12095
0.537217
0.905265
0.236767
0.438789
0.657317
0.732678
0.167846
4.46753
1.20644
0.0098667
0.0339943
0.0292893
0.570151
0.360456
0.217705
0.314657
0.526337
0.198022
0.0952436
0.056815
2.53349
0.178116
0.821714
1.80851
1.47904
0.20524
1.31052
0.836513
0.351087
1.73884
0.331339
1.28664
3.65533
0.491271
1.39546
1.14461
7.12639
0.105906
0.252377
0.311177
1.70078
1.19554
0.043984
0.287249
0.892318
0.606574
0.317949
0.526672
1.5685
0.0215088
0.102433
4.57424
0.04204
0.0248108
0.0226157
0.461724
1.19719
0.029499
0.0196962
0.499301
3.68353
0.273679
0.0668245
0.120227
0.209642
0.857021
0.257975
0.658021
5.97285
0.100029
0.12588
0.134414
0.340763
0.228642
0.317818
1.66593
0.0486275
2.82626
1.03896
1.11585
0.631349
0.219556
3.77193
0.748645
0.795584
0.882454
0.347566
0.622021
0.868162
11.2569
0.860169
0.987982
0.173208
1.318
0.230462
0.124396
0.255276
1.62394
0.113011
0.136485
0.440679
0.203996
0.322983
0.021486
0.400117
0.200062
0.0442999
1.27159
1.4421
0.274897
0.350269
9.68117
0.467389
0.106674
5.26582
1.71721
0.239137
1.009
0.830404
0.0846032
0.145714
1.51935
0.207772
0.225752
6.16938
0.0169269
0.00591383
0.371101
0.256591
0.242344
0.257436
0.357662
0.367233
9.94915
0.461716
0.191839
0.0153757
0.381273
0.208778
0.596197
0.753723
0.135631
1.11846
0.02629
0.0981994
0.504261
0.0689519
0.749038
0.556269
0.335525
5.95115
0.819107
0.133455
0.502816
0.786928
0.735346
0.13396
8.14124
0.734631
1.6585
0.175957
1.18571
0.602994
0.236505
1.54537
1.17042
7.83126
0.855943
0.64157
0.0588715
0.0645354
0.357662
0.595771
0.0256774
5.64599
0.0965034
0.928086
0.228924
0.107468
1.03907
0.0345423
0.794041
0.476971
0.0225049
0.207749
0.0730818
0.137833
0.73951
0.0918449
0.402704
0.4892
0.105606
3.01424
0.241305
0.18988
2.57768
0.485839
0.341609
0.144659
0.26298
8.59796
1.01692
1.22515
0.031994
0.525491
1.80209
0.295194
0.217596
0.0866744
0.389454
0.0107923
1.01427
0.314039
0.399853
1.03099
0.546789
0.228726
2.11326
1.48691
0.265403
2.31386
0.897141
2.6461
0.17285
0.196032
0.0544628
0.625901
2.9769
0.689412
0.829806
1.94378
0.197974
2.87634
0.329983
0.583291
0.922762
0.203921
0.790783
1.34681
0.099701
0.279014
0.266543
2.20926
0.0368818
0.251295
0.380898
0.179124
0.290705
0.717193
0.283364
0.30813
0.329734
0.17823
0.0601324
2.28584
0.73745
0.138337
4.08387
0.235409
0.90309
0.167318
0.526573
0.708947
0.00122077
0.341221
0.151302
4.57759
0.989583
0.215919
0.374966
0.946162
0.26691
0.64259
0.193237
0.303567
4.57179
1.90674
0.0169931
0.233921
0.0486562
1.54306
0.167329
0.560269
0.326512
0.0564869
0.0101491
0.0400143
0.180319
0.368158
8.83093
1.32756
0.385101
0.430091
0.230027
0.516949
6.93292
0.231384
0.464805
0.273775
0.420593
0.0229777
1.48706
0.129595
0.23413
0.406705
0.271529
0.138508
0.390874
0.24275
0.163644
0.0903106
1.32399
14.4742
0.146159
1.20414
0.454879
0.0113749
1.20636
0.371362
0.500919
0.295069
0.483344
0.114482
0.0538251
0.063523
1.10161
0.0475319
0.28803
0.205552
0.465629
1.53182
0.394758
0.829702
0.618643
0.706018
0.645255
0.268673
0.995441
0.137559
0.666235
1.06383
0.143676
0.1906
0.342237
0.219972
0.933878
0.159603
0.783207
0.443044
1.94925
1.24
0.123061
0.0708078
0.169639
1.1241
0.193118
0.588564
0.0763953
0.0719199
1.35343
0.0425784
0.539011
0.309037
0.00385623
9.88014
0.602855
0.944788
0.149448
0.051002
0.091199
2.87983
0.44412
0.0839271
1.54521
1.60758
1.71681
0.83263
0.250995
0.123247
0.510638
0.369642
0.00457368
0.0387385
0.0293159
0.0185833
0.635143
0.130052
0.465368
0.238697
0.120601
0.0587485
0.141914
1.42683
0.661387
0.223136
0.998773
0.80953
0.27491
0.00315161
0.686488
1.20603
4.74604
0.256047
4.41969
0.59214
2.2487
1.4698
16.0799
0.357554
0.0904142
0.280012
0.58925
0.176961
0.102807
6.69261
0.27483
0.179529
0.331222
2.2524
0.22656
0.482276
14.8767
2.54111
0.23069
1.19126
0.239295
0.163405
0.201779
0.30078
0.934149
0.154365
0.287077
1.43702
0.382385
0.464862
0.202021
2.30941
0.27853
0.416947
0.324725
0.152837
0.954335
0.794839
0.519076
0.269686
7.20949
0.0967453
0.0345995
0.107533
0.389701
0.528688
0.746297
0.895052
0.469517
0.193966
0.0663617
1.03147
0.16569
0.588586
0.046961
0.0272029
0.591084
0.112435
0.213249
0.436736
0.839512
1.05428
0.318046
1.16863
0.508489
0.175181
0.497845
0.529233
0.0199214
0.385001
0.102575
0.339887
0.0238965
0.19371
0.084801
0.03319
0.0461695
0.0410018
0.47576
0.603504
0.128286
0.0660668
0.499268
0.372498
0.92746
0.158197
0.00177031
0.292088
2.28122
1.00008
0.375885
0.660071
0.21377
7.06054
1.05249
0.32642
2.46423
0.068145
0.165161
1.95287
0.306788
0.682365
0.0751953
1.08939
0.139033
0.0438489
1.99287
0.324867
0.0104459
0.762779
0.0179061
0.201614
0.435621
0.0955312
0.0400196
0.303985
0.483353
1.90608
0.0518642
15.1755
0.317634
1.65758
0.430153
0.85164
1.12086
0.608747
0.0591618
1.36893
0.245756
0.604073
1.95819
0.801583
0.981535
0.398187
0.371486
1.04319
0.586695
6.48896
0.408956
0.346458
0.301595
0.0314227
0.930924
0.147238
0.222324
0.122623
0.349787
0.329286
0.569376
0.621168
0.787568
0.217314
0.566436
0.961282
0.358174
1.44809
0.240097
0.581769
0.62742
1.35755
0.206786
0.390712
0.724843
0.586556
0.381955
0.337697
2.14283
1.2548
0.335029
0.28097
3.0456
0.0660323
1.01999
0.321834
0.162359
0.673527
0.523237
0.863038
0.212028
0.343827
0.231549
0.454731
0.784883
0.650813
0.204381
0.139709
0.00019398
0.697441
0.0784017
0.685197
0.0864889
0.431912
0.550885
0.0815916
1.93381
0.682506
0.0813854
1.75204
0.0432167
1.16737
0.701787
0.543825
0.520242
0.293587
0.661743
0.0748149
1.07208
7.14423
0.095352
0.187189
0.541934
0.005515
0.181077
0.76206
0.272449
0.915355
0.117052
0.0485372
0.114693
1.31717
0.546251
0.820807
2.16686
0.254973
0.15935
0.0500264
19.0268
0.124227
0.000945197
0.693595
1.50439
0.0487158
0.695003
0.214431
0.517691
0.136582
0.130242
0.739846
1.19773
1.03024
1.48813
0.828781
0.147168
0.731729
0.863378
1.10052
0.747065
0.280959
13.4796
0.198577
0.684331
0.152292
0.457559
0.369846
0.0926349
0.240173
0.579176
0.379329
2.4017
0.511812
3.66687
0.391363
0.364917
4.66528
0.0522446
0.0521134
0.574973
0.122397
0.646763
0.542678
0.321316
1.68537
0.0582226
0.502392
0.97709
1.02407
0.98627
0.674858
2.24682
1.00811
0.631436
0.401545
1.05145
0.220095
5.36896
1.09506
0.357785
0.100244
0.591475
0.522097
0.199925
1.25301
13.8336
0.0437783
0.406276
0.285884
0.934926
0.0719196
0.70489
0.267969
9.43854
0.0688869
1.68294
0.985024
2.19044
0.0946946
15.0718
0.00460304
0.571138
1.82108
0.826683
0.147344
0.147522
0.931656
0.818845
17.6034
0.218308
0.365048
0.137981
4.87172
0.99904
1.32551
5.56623
0.551583
0.36739
0.271216
0.173688
0.274703
0.571984
0.318804
2.0826
0.214559
3.26695
0.847316
0.623256
0.472272
0.488213
0.0801597
0.282783
0.212015
15.091
0.247696
0.0259422
0.352792
0.725525
3.6485
0.878678
0.180089
0.218799
0.306626
0.752807
1.08238
0.00182204
0.791251
0.3998
0.0562881
6.03153
0.187234
0.787247
17.9021
0.205055
1.86197
0.920218
0.035195
3.19566
1.06833
0.504634
0.0447451
0.228952
0.0396737
3.69913
0.0944783
0.100621
1.95751
0.306836
0.587396
0.207029
1.01316
1.31068
0.439159
0.373128
0.127676
0.912721
1.08349
1.70798
1.79445
0.116535
0.00061701
0.658014
0.831455
0.287549
0.356783
3.32116
0.876105
0.126839
0.314338
0.451263
0.476398
9.84722
0.432083
0.510099
0.0250209
0.12859
0.272188
0.377082
0.375319
0.649953
0.587371
0.368805
0.219321
1.20382
2.72274
0.477264
0.473986
0.709335
0.175957
0.171867
1.80941
0.55246
0.045785
1.94735
1.28991
0.173548
0.570356
1.58673
0.977844
16.9952
0.0185324
10.5349
0.511604
0.147736
0.254577
2.43972
1.61942
0.994862
0.208843
0.231293
0.43228
0.499462
1.5066
0.214322
3.85237
0.129077
0.494181
0.221767
0.732144
9.94003
0.612867
0.0580123
0.902049
0.450491
0.27148
0.238792
0.268795
0.542801
0.377783
0.516963
1.5835
0.188088
0.601103
0.648374
0.760663
0.31387
0.682119
4.21197
0.109295
0.448727
0.0578944
0.0605156
2.51729
1.68111
0.315324
3.96703
0.634143
0.224969
0.116329
0.0845689
0.301519
1.34228
3.35185
0.0714401
0.0541836
11.5623
0.059992
0.000757103
1.3721
1.255
0.250032
0.127142
1.14633
0.00426385
0.515302
0.0582485
0.327312
0.868461
0.494349
0.771963
0.0486545
0.556559
0.0716584
0.355055
1.74517
4.56187
1.52033
1.40522
2.62924
0.0774499
0.536458
2.05404
0.0319938
1.74149
0.934563
0.245935
1.08877
0.0789163
0.444443
1.02152
0.0358827
0.0508745
0.404189
0.389267
0.777113
0.0134209
0.0251707
0.0923546
5.93605
1.04795
0.0215376
0.427489
4.28883
1.73376
1.033
0.348604
1.32186
0.223704
1.05753
0.0206104
0.772136
0.000432102
0.433643
0.533221
0.201171
0.165422
0.239265
0.152313
1.02788
0.391595
0.537631
0.0200248
0.0893969
0.0252608
0.0557428
0.880237
0.467933
0.45561
0.503701
1.12327
0.385263
7.32889
0.937074
13.5081
0.01468
0.051949
0.231134
0.85498
0.0194344
1.15385
1.1612
0.312346
0.221181
1.17123
0.294422
1.17767
0.0370794
0.790402
0.143686
0.16804
0.292994
0.531469
0.769086
0.101953
0.172243
1.47879
0.802467
0.189659
0.37963
2.26432
0.211288
0.786657
1.30744
0.414876
0.237007
3.65301
0.36385
0.176868
1.46448
0.718403
0.344974
0.0954366
0.530632
0.572511
0.120044
1.49858
0.378459
23.7854
0.280243
3.88953
0.0959632
0.348163
0.444552
0.190833
0.422429
2.63393
2.93654
6.76602
0.0529796
0.149398
0.360422
0.485293
1.05079
0.148167
0.075866
0.874434
0.476225
0.153803
2.62607
2.28908
0.563407
0.368912
1.62578
0.0363886
0.293623
0.342489
4.56697
1.92983
0.363636
1.13714
0.142682
0.550055
1.44868
0.576409
0.0699922
0.408666
0.269992
0.579913
1.06826
1.4683
0.392143
1.61919
1.1117
0.869485
0.509532
0.774369
0.449957
0.251104
1.15179
2.38524
0.254474
0.520726
2.34302
0.819396
0.12181
0.184411
0.105985
0.328549
0.509521
0.209542
0.18377
7.77939
3.10728
8.38648
0.14837
0.834765
0.0696372
0.698908
0.0915413
0.184219
0.41346
0.389439
0.347445
0.14741
0.311161
0.211686
0.608257
0.219325
0.84593
1.20018
1.11536
0.185119
1.41345
0.0305013
0.452365
0.941998
0.553421
0.0154624
0.568073
0.0619064
1.65911
0.180295
1.82064
0.402993
0.922092
0.0794397
1.54293
2.37989
0.022183
0.282992
0.0862178
0.749224
0.344573
2.13573
0.0623045
0.810171
1.60551
0.0501596
0.411341
1.51914
0.475191
0.0204892
1.45926
0.619499
1.05274
0.873727
0.297345
0.492312
0.808234
0.267425
0.186821
0.43533
1.44182
1.0179
0.438272
0.148326
0.660154
2.53185
1.06051
0.614723
0.0935686
0.942365
0.480719
1.32622
0.606395
0.509176
0.261881
0.631715
1.69737
0.664283
0.797743
1.85423
0.437172
0.0225318
0.654228
0.75932
0.0518316
0.466431
0.574191
0.158169
0.368624
0.267122
0.188934
0.119726
0.696269
0.990158
0.650181
0.172005
0.24061
0.593608
0.169438
0.73574
0.359842
0.579908
0.464247
3.82345
0.036767
0.100252
0.156401
0.653128
1.97001
5.40932
0.253183
0.858557
0.296483
0.238607
0.203376
0.303447
0.364272
0.0486548
1.54391
0.365475
0.028865
0.0177317
2.58516
0.174561
3.333
0.702941
0.308708
0.355876
0.126197
0.318043
0.228295
0.885223
0.156429
1.08559
1.26676
0.966822
0.147464
0.073947
7.01252
2.62828
0.205662
15.0195
0.0728136
0.0915604
2.67144
0.398162
2.20202
0.510318
0.000335938
0.0492436
1.00149
2.81271
0.312102
0.577201
0.404675
0.10818
0.255417
1.35893
0.0737778
0.468999
1.52077
0.393222
0.154911
1.04354
0.292921
0.783996
2.22759
1.23471
0.0928112
0.351547
0.393888
0.09544
0.358027
1.33066
1.68282
0.0932629
0.225366
0.139812
1.72533
1.3539
6.48898
0.815313
0.110928
2.24157
0.223797
0.281684
0.256895
6.50313
0.242865
0.18456
0.000454978
0.537332
0.0801192
0.933656
0.238944
0.110124
0.603704
0.499888
0.524699
0.532402
0.202623
0.0700801
0.51974
0.679204
0.946606
0.013335
0.160305
1.3959
1.12363
0.123703
0.499062
0.0464184
0.564467
1.4568
1.40812
1.09531
0.844745
0.924533
1.14704
0.98699
0.898725
0.767483
0.465498
1.04626
0.259486
0.842514
0.702871
0.00687125
0.536172
0.377132
0.525642
0.0439438
0.671259
0.291231
0.116894
0.993867
0.126537
0.282381
1.87002
0.0493114
0.633825
0.481656
0.160185
0.288831
0.102147
0.0898282
0.333224
4.42405
1.2489
0.238285
1.13716
1.00917
0.0573506
0.200542
10.0355
0.29214
0.0888016
4.14088
0.273777
0.133033
0.481864
0.268216
0.20443
0.41178
0.081073
0.595197
0.838486
0.442261
1.21359
0.0211035
0.107213
0.142121
1.29395
2.08028
0.375513
0.352922
1.574
0.802607
0.0679372
1.23994
0.0279896
0.678903
0.1106
0.585817
0.681282
0.0555308
0.495635
0.310505
0.526206
0.343815
3.75165
1.03098
0.0368445
0.375289
6.67032
0.309404
0.249483
0.00697488
0.204613
1.9757
0.638708
0.0941409
0.249127
0.0215633
1.04418
0.926961
1.64629
0.465258
0.382816
0.275478
0.183974
5.45663
0.0793742
0.0271411
0.0655413
0.055549
0.463982
0.582162
1.31522
10.6174
0.0621578
0.284076
1.1999
0.028537
0.907326
0.748547
0.466731
0.454262
0.768973
0.516125
0.767736
1.20287
0.952869
0.643745
0.226138
0.201049
0.35843
0.226554
0.291075
0.955893
1.08011
0.408617
0.04109
0.779952
0.255475
7.14512
0.0915503
0.110179
1.24466
0.00220085
0.285514
3.90727
0.615971
0.150271
0.380577
0.302604
1.10946
1.39152
0.206105
0.196181
1.27119
0.0764008
0.13875
0.54214
0.454518
0.536227
0.595901
2.43026
0.140593
0.271996
0.526909
3.71756
0.281904
0.293578
0.292158
0.334639
1.6402
0.898713
0.123914
1.13217
2.47385
0.346953
0.847812
1.79336
0.701973
0.0509855
0.381179
0.126807
0.146762
1.12483
0.668183
4.29058
0.0198651
0.282519
0.625506
0.910382
0.954488
0.292366
0.551597
0.683132
0.0564628
0.275771
0.340588
0.154566
0.125603
0.358789
0.0733968
2.76544
0.70004
1.46134
0.513172
0.115878
1.28422
0.0440954
1.02904
0.180644
0.298493
0.300422
0.356738
0.46672
0.434442
0.85501
0.434919
0.978
0.125074
0.733312
0.679774
0.716511
5.26876
2.35505
1.4653
0.220833
0.411056
0.000383597
1.6041
0.86472
0.103992
3.46175
1.31379
0.0311239
0.0609263
0.660558
0.0978871
0.0109492
0.14776
0.879754
0.340155
0.857625
0.0097971
0.110837
0.00191538
1.29943
0.800959
0.596368
0.233516
0.743994
0.122725
0.809369
0.200099
0.138246
4.2623
0.144223
0.217981
1.12261
0.305492
1.27049
0.430287
0.0629548
0.676009
2.59333
0.487479
0.0782506
0.888423
0.409554
6.24178
0.387923
0.0345657
0.161172
1.04716
1.09925
1.64625
1.58004
0.131089
0.18664
0.154774
0.170971
0.261931
0.358825
1.02246
0.137446
0.433191
0.61944
0.136665
0.0803158
0.716789
2.8523
2.06302
0.316009
1.69839
1.78987
0.37703
5.61384
0.173057
0.857869
0.0300089
0.462794
5.3266
0.891366
1.1619
0.288108
0.218139
0.649712
0.185499
0.066234
0.921699
0.13145
1.27473
0.0293597
1.11406
0.0134366
1.59143
0.464312
0.0349553
0.349666
4.33227
1.12683
0.677921
0.918653
0.419935
1.4352
0.549925
5.08538
0.188193
0.128297
1.00855
0.635899
1.03341
1.7723
0.335529
0.0212658
1.15315
0.827861
6.05471
0.150503
0.0178483
0.271158
0.402122
0.00561225
0.234622
0.520598
0.654938
0.249567
0.0361569
1.21356
2.41725
2.68635
0.450367
0.371486
